4 0.9014423076923077 0.41586538461538464 0.19471153846153846 0.08653846153846154
0 0.08533653846153846 0.3401442307692308 0.17067307692307693 0.08173076923076923
4 0.8449519230769231 0.5973557692307693 0.25961538461538464 0.07572115384615384
0 0.17908653846153846 0.8834134615384616 0.07932692307692307 0.0733173076923077
4 0.15985576923076922 0.609375 0.18629807692307693 0.07211538461538461
0 0.28365384615384615 0.390625 0.17067307692307693 0.051682692307692304
0 0.35096153846153844 0.3701923076923077 0.18028846153846154 0.05048076923076923
0 0.4891826923076923 0.49038461538461536 0.10817307692307693 0.04567307692307692
0 0.33774038461538464 0.5504807692307693 0.1778846153846154 0.04567307692307692
0 0.0625 0.46274038461538464 0.125 0.04567307692307692
0 0.421875 0.42427884615384615 0.1502403846153846 0.04326923076923077
0 0.3954326923076923 0.4831730769230769 0.1346153846153846 0.04326923076923077
0 0.24519230769230768 0.4338942307692308 0.12860576923076922 0.036057692307692304
0 0.17427884615384615 0.453125 0.11057692307692307 0.036057692307692304
0 0.484375 0.44350961538461536 0.08052884615384616 0.03485576923076923
0 0.015625 0.41346153846153844 0.03125 0.03125
4 0.6862980769230769 0.6911057692307693 0.2860576923076923 0.109375