2 0.5192307692307693 0.4855769230769231 0.10576923076923077 0.12139423076923077
2 0.4014423076923077 0.3954326923076923 0.03485576923076923 0.05889423076923077
2 0.5997596153846154 0.39663461538461536 0.03485576923076923 0.055288461538461536
2 0.7524038461538461 0.3918269230769231 0.03365384615384615 0.051682692307692304
2 0.6514423076923077 0.36538461538461536 0.040865384615384616 0.042067307692307696
2 0.9591346153846154 0.38100961538461536 0.028846153846153848 0.040865384615384616
2 0.7043269230769231 0.4014423076923077 0.055288461538461536 0.039663461538461536
2 0.796875 0.3870192307692308 0.03245192307692308 0.038461538461538464
2 0.8173076923076923 0.38221153846153844 0.021634615384615384 0.03485576923076923
2 0.5588942307692307 0.3858173076923077 0.021634615384615384 0.027644230769230768
2 0.9038461538461539 0.3918269230769231 0.02403846153846154 0.021634615384615384
2 0.5096153846153846 0.38822115384615385 0.03245192307692308 0.036057692307692304