4 0.59375 0.6105769230769231 0.11057692307692307 0.3870192307692308
0 0.6454326923076923 0.6538461538461539 0.037259615384615384 0.056490384615384616
0 0.7223557692307693 0.6983173076923077 0.10697115384615384 0.06009615384615385
0 0.33774038461538464 0.5132211538461539 0.03245192307692308 0.02283653846153846
0 0.3485576923076923 0.3269230769230769 0.028846153846153848 0.020432692307692308
0 0.11658653846153846 0.4266826923076923 0.039663461538461536 0.020432692307692308
0 0.12860576923076922 0.7331730769230769 0.021634615384615384 0.06490384615384616
0 0.10096153846153846 0.8305288461538461 0.020432692307692308 0.03365384615384615
0 0.23798076923076922 0.7475961538461539 0.019230769230769232 0.016826923076923076
0 0.2920673076923077 0.6550480769230769 0.006009615384615385 0.02283653846153846
0 0.13822115384615385 0.6526442307692307 0.03125 0.036057692307692304
0 0.11177884615384616 0.6802884615384616 0.03365384615384615 0.051682692307692304
0 0.7475961538461539 0.5552884615384616 0.028846153846153848 0.025240384615384616
0 0.2704326923076923 0.3557692307692308 0.016826923076923076 0.01201923076923077