0 0.5745192307692307 0.38822115384615385 0.8485576923076923 0.578125
0 0.44591346153846156 0.4807692307692308 0.6634615384615384 0.390625
0 0.6081730769230769 0.7379807692307693 0.16105769230769232 0.17427884615384615
0 0.8617788461538461 0.3762019230769231 0.27524038461538464 0.14423076923076922
0 0.04447115384615385 0.6574519230769231 0.07451923076923077 0.1141826923076923
4 0.5084134615384616 0.8161057692307693 0.12980769230769232 0.09615384615384616
0 0.10216346153846154 0.7740384615384616 0.055288461538461536 0.09615384615384616
0 0.4230769230769231 0.6610576923076923 0.051682692307692304 0.09375
0 0.9711538461538461 0.3173076923076923 0.052884615384615384 0.09134615384615384
0 0.4206730769230769 0.703125 0.09495192307692307 0.07932692307692307
0 0.18269230769230768 0.7740384615384616 0.09134615384615384 0.06129807692307692
0 0.18870192307692307 0.7283653846153846 0.08653846153846154 0.06009615384615385
0 0.6478365384615384 0.6418269230769231 0.12740384615384615 0.04807692307692308
0 0.013221153846153846 0.7596153846153846 0.026442307692307692 0.04807692307692308
0 0.7932692307692307 0.19230769230769232 0.41225961538461536 0.21995192307692307