0 0.8185096153846154 0.47716346153846156 0.2920673076923077 0.13701923076923078
0 0.18990384615384615 0.4495192307692308 0.27403846153846156 0.13581730769230768
0 0.625 0.5360576923076923 0.1658653846153846 0.1310096153846154
4 0.5564903846153846 0.0985576923076923 0.7584134615384616 0.12139423076923077
0 0.25961538461538464 0.5829326923076923 0.3088942307692308 0.11778846153846154
0 0.15144230769230768 0.29447115384615385 0.16346153846153846 0.11177884615384616
0 0.2439903846153846 0.3894230769230769 0.2764423076923077 0.09975961538461539
0 0.49399038461538464 0.27403846153846156 0.22956730769230768 0.09134615384615384
0 0.5625 0.36658653846153844 0.25 0.08653846153846154
0 0.4855769230769231 0.4387019230769231 0.20072115384615385 0.08533653846153846
0 0.7548076923076923 0.34375 0.24519230769230768 0.0829326923076923
0 0.8389423076923077 0.24278846153846154 0.15144230769230768 0.05889423076923077
0 0.051682692307692304 0.19831730769230768 0.0625 0.055288461538461536
0 0.2644230769230769 0.20072115384615385 0.09735576923076923 0.05048076923076923
0 0.8449519230769231 0.11538461538461539 0.06490384615384616 0.038461538461538464
0 0.9158653846153846 0.05048076923076923 0.04567307692307692 0.03485576923076923
0 0.7572115384615384 0.056490384615384616 0.057692307692307696 0.025240384615384616
0 0.328125 0.07451923076923077 0.06610576923076923 0.021634615384615384
0 0.6814903846153846 0.08413461538461539 0.055288461538461536 0.016826923076923076