0 0.8112980769230769 0.1346153846153846 0.23557692307692307 0.13581730769230768
0 0.6586538461538461 0.265625 0.0889423076923077 0.0985576923076923
0 0.7572115384615384 0.796875 0.3088942307692308 0.09254807692307693
0 0.41466346153846156 0.21153846153846154 0.08052884615384616 0.08774038461538461
0 0.7295673076923077 0.29086538461538464 0.08533653846153846 0.08653846153846154
0 0.7235576923076923 0.23317307692307693 0.09735576923076923 0.08052884615384616
4 0.7103365384615384 0.5985576923076923 0.2704326923076923 0.06850961538461539
4 0.2980769230769231 0.5096153846153846 0.06129807692307692 0.0625
0 0.4855769230769231 0.3173076923076923 0.06490384615384616 0.0625
0 0.5492788461538461 0.29447115384615385 0.040865384615384616 0.05889423076923077
0 0.49038461538461536 0.2548076923076923 0.05889423076923077 0.056490384615384616
0 0.37259615384615385 0.29927884615384615 0.04927884615384615 0.055288461538461536
4 0.27283653846153844 0.4266826923076923 0.15504807692307693 0.055288461538461536
4 0.47475961538461536 0.578125 0.17548076923076922 0.055288461538461536
4 0.5649038461538461 0.47475961538461536 0.09735576923076923 0.05048076923076923
0 0.43149038461538464 0.29086538461538464 0.040865384615384616 0.04927884615384615
0 0.5180288461538461 0.30649038461538464 0.04807692307692308 0.04927884615384615
0 0.6514423076923077 0.3737980769230769 0.08653846153846154 0.046875
0 0.6177884615384616 0.3449519230769231 0.05048076923076923 0.039663461538461536
0 0.71875 0.34615384615384615 0.0733173076923077 0.036057692307692304
0 0.8076923076923077 0.38221153846153844 0.08173076923076923 0.03365384615384615
6 0.8677884615384616 0.7307692307692307 0.09735576923076923 0.03125
0 0.9747596153846154 0.4110576923076923 0.04807692307692308 0.030048076923076924
0 0.5853365384615384 0.296875 0.04447115384615385 0.027644230769230768
0 0.7307692307692307 0.36899038461538464 0.057692307692307696 0.02403846153846154
0 0.5288461538461539 0.12139423076923077 0.08173076923076923 0.15745192307692307