0 0.8858173076923077 0.6057692307692307 0.1201923076923077 0.07692307692307693
0 0.9675480769230769 0.5456730769230769 0.0625 0.07211538461538461
0 0.6802884615384616 0.6057692307692307 0.12620192307692307 0.054086538461538464
0 0.7836538461538461 0.23076923076923078 0.12139423076923077 0.051682692307692304
0 0.7259615384615384 0.17908653846153846 0.14543269230769232 0.05048076923076923
0 0.9314903846153846 0.2800480769230769 0.1346153846153846 0.046875
0 0.44471153846153844 0.453125 0.07932692307692307 0.03365384615384615
0 0.5420673076923077 0.484375 0.08173076923076923 0.027644230769230768
0 0.46153846153846156 0.41586538461538464 0.0625 0.02403846153846154
0 0.5612980769230769 0.40384615384615385 0.03365384615384615 0.007211538461538462
6 0.41225961538461536 0.3786057692307692 0.40024038461538464 0.08774038461538461