1 0.328125 0.3329326923076923 0.15865384615384615 0.15384615384615385
1 0.31850961538461536 0.7620192307692307 0.21634615384615385 0.15264423076923078
1 0.39663461538461536 0.5637019230769231 0.18509615384615385 0.12259615384615384
1 0.7536057692307693 0.5492788461538461 0.25841346153846156 0.109375
1 0.21875 0.44350961538461536 0.18990384615384615 0.10096153846153846
1 0.5024038461538461 0.796875 0.18990384615384615 0.0889423076923077
1 0.8581730769230769 0.6165865384615384 0.15384615384615385 0.06490384615384616
1 0.18389423076923078 0.7307692307692307 0.09254807692307693 0.057692307692307696
1 0.7487980769230769 0.859375 0.17067307692307693 0.057692307692307696
1 0.5564903846153846 0.8942307692307693 0.1201923076923077 0.055288461538461536
1 0.859375 0.8100961538461539 0.12139423076923077 0.052884615384615384
1 0.734375 0.9278846153846154 0.15865384615384615 0.046875
1 0.6237980769230769 0.7524038461538461 0.19951923076923078 0.04326923076923077
1 0.9338942307692307 0.5973557692307693 0.1310096153846154 0.11899038461538461