4 0.8533653846153846 0.7115384615384616 0.1622596153846154 0.18028846153846154
4 0.5216346153846154 0.5144230769230769 0.4206730769230769 0.15625
0 0.4807692307692308 0.39302884615384615 0.3605769230769231 0.13822115384615385
0 0.20552884615384615 0.22596153846153846 0.18509615384615385 0.12259615384615384
0 0.42908653846153844 0.18990384615384615 0.22115384615384615 0.1141826923076923
0 0.1346153846153846 0.14182692307692307 0.15865384615384615 0.0985576923076923
0 0.9206730769230769 0.8798076923076923 0.15745192307692307 0.0985576923076923
0 0.1778846153846154 0.2980769230769231 0.14182692307692307 0.08413461538461539
0 0.3004807692307692 0.3317307692307692 0.12860576923076922 0.0673076923076923
0 0.13221153846153846 0.2644230769230769 0.19471153846153846 0.0625
0 0.921875 0.3401442307692308 0.15144230769230768 0.06009615384615385
4 0.3293269230769231 0.38461538461538464 0.21033653846153846 0.05048076923076923
0 0.5841346153846154 0.32091346153846156 0.14182692307692307 0.04927884615384615
0 0.8221153846153846 0.28365384615384615 0.15384615384615385 0.04927884615384615
0 0.39302884615384615 0.32211538461538464 0.13341346153846154 0.04927884615384615
0 0.021634615384615384 0.26802884615384615 0.042067307692307696 0.042067307692307696
0 0.5552884615384616 0.2980769230769231 0.15144230769230768 0.042067307692307696
0 0.9447115384615384 0.27163461538461536 0.10817307692307693 0.042067307692307696
0 0.8942307692307693 0.3269230769230769 0.125 0.04447115384615385