6 0.2980769230769231 0.5973557692307693 0.1778846153846154 0.0733173076923077
0 0.10576923076923077 0.09735576923076923 0.09014423076923077 0.06129807692307692
0 0.17668269230769232 0.140625 0.0829326923076923 0.057692307692307696
0 0.27524038461538464 0.16466346153846154 0.07451923076923077 0.055288461538461536
0 0.1310096153846154 0.046875 0.12620192307692307 0.054086538461538464
0 0.051682692307692304 0.16466346153846154 0.10336538461538461 0.054086538461538464
0 0.030048076923076924 0.07932692307692307 0.06009615384615385 0.052884615384615384
6 0.7980769230769231 0.5132211538461539 0.16346153846153846 0.04927884615384615
0 0.43509615384615385 0.21995192307692307 0.09495192307692307 0.046875
0 0.23557692307692307 0.08413461538461539 0.08774038461538461 0.046875
4 0.07451923076923077 0.2283653846153846 0.14903846153846154 0.04807692307692308
0 0.8245192307692307 0.16826923076923078 0.09975961538461539 0.04447115384615385
0 0.3269230769230769 0.12980769230769232 0.055288461538461536 0.04326923076923077
0 0.2644230769230769 0.11658653846153846 0.06850961538461539 0.038461538461538464
0 0.6370192307692307 0.3233173076923077 0.09014423076923077 0.038461538461538464
0 0.5108173076923077 0.1658653846153846 0.07932692307692307 0.038461538461538464
0 0.3545673076923077 0.1814903846153846 0.056490384615384616 0.036057692307692304
0 0.7536057692307693 0.265625 0.08413461538461539 0.03365384615384615
0 0.7259615384615384 0.1875 0.05889423076923077 0.03365384615384615
0 0.5396634615384616 0.2439903846153846 0.07572115384615384 0.03365384615384615
0 0.6610576923076923 0.1935096153846154 0.06610576923076923 0.03125
0 0.43149038461538464 0.16706730769230768 0.052884615384615384 0.030048076923076924
0 0.10697115384615384 0.014423076923076924 0.11658653846153846 0.028846153846153848
0 0.8076923076923077 0.24158653846153846 0.05889423076923077 0.028846153846153848
0 0.859375 0.21754807692307693 0.0673076923076923 0.028846153846153848
0 0.5168269230769231 0.21153846153846154 0.06490384615384616 0.026442307692307692
0 0.4110576923076923 0.13822115384615385 0.06129807692307692 0.025240384615384616
0 0.640625 0.16105769230769232 0.07692307692307693 0.02283653846153846
0 0.8521634615384616 0.28365384615384615 0.056490384615384616 0.021634615384615384