0 0.12980769230769232 0.12980769230769232 0.25841346153846156 0.15745192307692307
0 0.43509615384615385 0.1658653846153846 0.3629807692307692 0.10576923076923077
0 0.3173076923076923 0.25721153846153844 0.25961538461538464 0.08533653846153846
0 0.7043269230769231 0.27163461538461536 0.2824519230769231 0.08533653846153846
0 0.5877403846153846 0.2439903846153846 0.2692307692307692 0.0733173076923077
4 0.5048076923076923 0.6298076923076923 0.10096153846153846 0.0625
0 0.03365384615384615 0.35697115384615385 0.06610576923076923 0.06009615384615385
0 0.12980769230769232 0.3137019230769231 0.055288461538461536 0.057692307692307696
0 0.8341346153846154 0.4963942307692308 0.10096153846153846 0.03485576923076923
0 0.4639423076923077 0.4699519230769231 0.06971153846153846 0.03365384615384615
0 0.6586538461538461 0.453125 0.09975961538461539 0.03365384615384615
0 0.7920673076923077 0.44711538461538464 0.07692307692307693 0.03245192307692308
0 0.5456730769230769 0.45072115384615385 0.05048076923076923 0.028846153846153848
0 0.37259615384615385 0.5252403846153846 0.09254807692307693 0.027644230769230768
0 0.5492788461538461 0.3425480769230769 0.06009615384615385 0.026442307692307692