6 0.5036057692307693 0.53125 0.2548076923076923 0.08173076923076923
0 0.125 0.49278846153846156 0.15985576923076922 0.057692307692307696
0 0.3629807692307692 0.36899038461538464 0.17668269230769232 0.056490384615384616
0 0.037259615384615384 0.027644230769230768 0.07451923076923077 0.05048076923076923
0 0.04447115384615385 0.09495192307692307 0.0889423076923077 0.046875
6 0.21875 0.5817307692307693 0.15504807692307693 0.04567307692307692
0 0.3425480769230769 0.06009615384615385 0.1346153846153846 0.04447115384615385
0 0.4495192307692308 0.03365384615384615 0.021634615384615384 0.040865384615384616
0 0.24759615384615385 0.08653846153846154 0.10817307692307693 0.038461538461538464
0 0.36538461538461536 0.20432692307692307 0.0889423076923077 0.036057692307692304
0 0.3425480769230769 0.13701923076923078 0.1201923076923077 0.036057692307692304
0 0.6322115384615384 0.1778846153846154 0.08653846153846154 0.03485576923076923
0 0.5625 0.1346153846153846 0.0889423076923077 0.03365384615384615
0 0.6514423076923077 0.12259615384615384 0.08413461538461539 0.03125
0 0.5757211538461539 0.028846153846153848 0.07692307692307693 0.03125
0 0.5252403846153846 0.18028846153846154 0.06850961538461539 0.03125
0 0.4543269230769231 0.125 0.08052884615384616 0.030048076923076924
0 0.5432692307692307 0.020432692307692308 0.0673076923076923 0.028846153846153848
0 0.18990384615384615 0.40625 0.13581730769230768 0.028846153846153848
0 0.22956730769230768 0.056490384615384616 0.07692307692307693 0.028846153846153848
0 0.546875 0.16947115384615385 0.07451923076923077 0.027644230769230768
0 0.33052884615384615 0.11899038461538461 0.11778846153846154 0.026442307692307692
0 0.5060096153846154 0.1875 0.06490384615384616 0.025240384615384616
0 0.4014423076923077 0.171875 0.06850961538461539 0.02283653846153846