4 0.47475961538461536 0.5588942307692307 0.5132211538461539 0.16826923076923078
0 0.7668269230769231 0.6826923076923077 0.11778846153846154 0.07211538461538461
0 0.6526442307692307 0.6430288461538461 0.21394230769230768 0.07211538461538461
0 0.5420673076923077 0.31850961538461536 0.1658653846153846 0.0625
0 0.42427884615384615 0.40024038461538464 0.14903846153846154 0.05889423076923077
0 0.7427884615384616 0.5829326923076923 0.13581730769230768 0.05889423076923077
0 0.2127403846153846 0.3918269230769231 0.18028846153846154 0.057692307692307696
0 0.7644230769230769 0.6442307692307693 0.10216346153846154 0.057692307692307696
0 0.765625 0.31850961538461536 0.15985576923076922 0.056490384615384616
4 0.7824519230769231 0.4050480769230769 0.19831730769230768 0.055288461538461536
0 0.53125 0.41586538461538464 0.12860576923076922 0.055288461538461536
0 0.5480769230769231 0.1971153846153846 0.15865384615384615 0.04927884615384615
0 0.6045673076923077 0.43028846153846156 0.09975961538461539 0.04807692307692308
0 0.3858173076923077 0.3389423076923077 0.13822115384615385 0.046875
0 0.7572115384615384 0.16706730769230768 0.11658653846153846 0.046875
0 0.06850961538461539 0.8149038461538461 0.10817307692307693 0.078125