6 0.38461538461538464 0.4338942307692308 0.056490384615384616 0.14543269230769232
4 0.3713942307692308 0.625 0.040865384615384616 0.12980769230769232
0 0.6754807692307693 0.7944711538461539 0.015625 0.10336538461538461
0 0.6165865384615384 0.8641826923076923 0.018028846153846152 0.10216346153846154
0 0.4951923076923077 0.6862980769230769 0.025240384615384616 0.09134615384615384
0 0.5084134615384616 0.4362980769230769 0.02283653846153846 0.06490384615384616
0 0.4338942307692308 0.7007211538461539 0.01201923076923077 0.04447115384615385
0 0.45913461538461536 0.6033653846153846 0.01201923076923077 0.038461538461538464
0 0.5336538461538461 0.7692307692307693 0.030048076923076924 0.028846153846153848
0 0.5612980769230769 0.7475961538461539 0.016826923076923076 0.025240384615384616
0 0.34975961538461536 0.8653846153846154 0.007211538461538462 0.02283653846153846
0 0.33052884615384615 0.8918269230769231 0.009615384615384616 0.021634615384615384
0 0.5877403846153846 0.9471153846153846 0.016826923076923076 0.020432692307692308
0 0.25961538461538464 0.7403846153846154 0.006009615384615385 0.019230769230769232
0 0.49038461538461536 0.5817307692307693 0.014423076923076924 0.018028846153846152
0 0.32091346153846156 0.8641826923076923 0.007211538461538462 0.016826923076923076
0 0.4807692307692308 0.42908653846153844 0.020432692307692308 0.016826923076923076
0 0.27163461538461536 0.7019230769230769 0.004807692307692308 0.014423076923076924
0 0.3581730769230769 0.8245192307692307 0.009615384615384616 0.010817307692307692
0 0.3786057692307692 0.8509615384615384 0.008413461538461538 0.010817307692307692