0 0.4362980769230769 0.09375 0.21875 0.1875
0 0.04807692307692308 0.078125 0.09615384615384616 0.15625
0 0.4699519230769231 0.24639423076923078 0.09014423076923077 0.11177884615384616
0 0.3016826923076923 0.25721153846153844 0.11658653846153846 0.11057692307692307
0 0.5048076923076923 0.2824519230769231 0.05889423076923077 0.1045673076923077
0 0.7199519230769231 0.31009615384615385 0.10576923076923077 0.08774038461538461
0 0.36538461538461536 0.515625 0.11538461538461539 0.07932692307692307
0 0.27283653846153844 0.3317307692307692 0.08653846153846154 0.07451923076923077
0 0.9122596153846154 0.037259615384615384 0.12259615384615384 0.07451923076923077
4 0.35336538461538464 0.6009615384615384 0.12740384615384615 0.0733173076923077
4 0.8509615384615384 0.6670673076923077 0.17307692307692307 0.06850961538461539
0 0.3269230769230769 0.3605769230769231 0.0829326923076923 0.05889423076923077
4 0.9194711538461539 0.49278846153846156 0.10576923076923077 0.036057692307692304
6 0.9086538461538461 0.8341346153846154 0.09975961538461539 0.030048076923076924
0 0.8389423076923077 0.5612980769230769 0.10817307692307693 0.028846153846153848
0 0.9783653846153846 0.7944711538461539 0.042067307692307696 0.040865384615384616