0 0.8569711538461539 0.1141826923076923 0.2283653846153846 0.22716346153846154
0 0.28966346153846156 0.07692307692307693 0.2764423076923077 0.15264423076923078
0 0.4807692307692308 0.06490384615384616 0.10096153846153846 0.12980769230769232
4 0.6310096153846154 0.5264423076923077 0.15264423076923078 0.11538461538461539
0 0.4423076923076923 0.27884615384615385 0.09014423076923077 0.10096153846153846
4 0.14783653846153846 0.5264423076923077 0.11298076923076923 0.08413461538461539
4 0.515625 0.65625 0.12860576923076922 0.0829326923076923
0 0.11538461538461539 0.45913461538461536 0.08533653846153846 0.07572115384615384
0 0.28725961538461536 0.3918269230769231 0.05889423076923077 0.07451923076923077
0 0.2283653846153846 0.44350961538461536 0.0829326923076923 0.0673076923076923
0 0.6826923076923077 0.36538461538461536 0.15985576923076922 0.06610576923076923
0 0.025240384615384616 0.5817307692307693 0.04927884615384615 0.06610576923076923
0 0.33774038461538464 0.32091346153846156 0.12980769230769232 0.06490384615384616
0 0.3233173076923077 0.4495192307692308 0.05889423076923077 0.06490384615384616
0 0.21995192307692307 0.38461538461538464 0.12620192307692307 0.051682692307692304
0 0.021634615384615384 0.6201923076923077 0.04326923076923077 0.04927884615384615
0 0.06850961538461539 0.4170673076923077 0.13701923076923078 0.04927884615384615
0 0.546875 0.27884615384615385 0.09495192307692307 0.04927884615384615
0 0.056490384615384616 0.4543269230769231 0.11298076923076923 0.04927884615384615
0 0.5072115384615384 0.3125 0.08052884615384616 0.04807692307692308
0 0.31971153846153844 0.3858173076923077 0.06370192307692307 0.04326923076923077
0 0.5625 0.3713942307692308 0.1201923076923077 0.078125