2 0.3389423076923077 0.4639423076923077 0.09134615384615384 0.1045673076923077
2 0.29927884615384615 0.4639423076923077 0.036057692307692304 0.09375
2 0.7596153846153846 0.5228365384615384 0.055288461538461536 0.0625
2 0.9206730769230769 0.5372596153846154 0.0985576923076923 0.05889423076923077
2 0.025240384615384616 0.5192307692307693 0.05048076923076923 0.05889423076923077
2 0.7235576923076923 0.5276442307692307 0.06009615384615385 0.04927884615384615
2 0.5685096153846154 0.4879807692307692 0.04927884615384615 0.04927884615384615
2 0.5204326923076923 0.49759615384615385 0.05889423076923077 0.046875
2 0.46153846153846156 0.4855769230769231 0.04927884615384615 0.040865384615384616
2 0.6454326923076923 0.6490384615384616 0.18509615384615385 0.03365384615384615
2 0.07932692307692307 0.5036057692307693 0.02403846153846154 0.028846153846153848
2 0.05889423076923077 0.5012019230769231 0.019230769230769232 0.03245192307692308