1 0.7512019230769231 0.9579326923076923 0.17307692307692307 0.0829326923076923
1 0.6983173076923077 0.8918269230769231 0.20552884615384615 0.0733173076923077
1 0.9170673076923077 0.8497596153846154 0.16346153846153846 0.0625
1 0.8173076923076923 0.7980769230769231 0.18990384615384615 0.11658653846153846
1 0.6658653846153846 0.8449519230769231 0.2776442307692308 0.1141826923076923
1 0.45913461538461536 0.8173076923076923 0.30649038461538464 0.12740384615384615
1 0.21995192307692307 0.8786057692307693 0.18990384615384615 0.0829326923076923
1 0.06610576923076923 0.8822115384615384 0.13221153846153846 0.1201923076923077
1 0.4795673076923077 0.7487980769230769 0.21634615384615385 0.11298076923076923
1 0.6370192307692307 0.7548076923076923 0.1466346153846154 0.07572115384615384
1 0.8942307692307693 0.6141826923076923 0.21033653846153846 0.0733173076923077
1 0.9387019230769231 0.5432692307692307 0.1201923076923077 0.0733173076923077
1 0.8028846153846154 0.44591346153846156 0.22355769230769232 0.10216346153846154
1 0.6009615384615384 0.5889423076923077 0.22596153846153846 0.12740384615384615
1 0.4963942307692308 0.6574519230769231 0.22716346153846154 0.11298076923076923
1 0.31971153846153844 0.7295673076923077 0.11538461538461539 0.0733173076923077
1 0.6682692307692307 0.6959134615384616 0.10697115384615384 0.06610576923076923
1 0.15865384615384615 0.6574519230769231 0.1466346153846154 0.0829326923076923
1 0.10697115384615384 0.7199519230769231 0.20552884615384615 0.0985576923076923
1 0.18028846153846154 0.7584134615384616 0.17067307692307693 0.06971153846153846
1 0.05889423076923077 0.6274038461538461 0.10576923076923077 0.08413461538461539
1 0.35697115384615385 0.5901442307692307 0.203125 0.08173076923076923
1 0.5420673076923077 0.5192307692307693 0.17908653846153846 0.07572115384615384
1 0.9122596153846154 0.31971153846153844 0.17427884615384615 0.13701923076923078
1 0.8677884615384616 0.3870192307692308 0.22596153846153846 0.10096153846153846
1 0.9350961538461539 0.21514423076923078 0.12860576923076922 0.11177884615384616
1 0.6370192307692307 0.34615384615384615 0.20793269230769232 0.0829326923076923
1 0.59375 0.27163461538461536 0.2127403846153846 0.14783653846153846
1 0.3088942307692308 0.3737980769230769 0.2764423076923077 0.13341346153846154
1 0.20552884615384615 0.49158653846153844 0.234375 0.12379807692307693
1 0.3786057692307692 0.2800480769230769 0.18629807692307693 0.10697115384615384
1 0.42788461538461536 0.20673076923076922 0.18028846153846154 0.08052884615384616
1 0.4362980769230769 0.10817307692307693 0.23557692307692307 0.11658653846153846
1 0.2091346153846154 0.29086538461538464 0.2127403846153846 0.12740384615384615
1 0.10576923076923077 0.3269230769230769 0.20793269230769232 0.1310096153846154
1 0.10576923076923077 0.14903846153846154 0.18509615384615385 0.14302884615384615
1 0.1466346153846154 0.0985576923076923 0.203125 0.12860576923076922
1 0.5036057692307693 0.09975961538461539 0.12259615384615384 0.07451923076923077
1 0.3401442307692308 0.6634615384615384 0.14302884615384615 0.06610576923076923
1 0.828125 0.6814903846153846 0.24278846153846154 0.07451923076923077
1 0.5348557692307693 0.18629807692307693 0.28365384615384615 0.140625
1 0.9891826923076923 0.8028846153846154 0.020432692307692308 0.036057692307692304
1 0.6826923076923077 0.9819711538461539 0.15985576923076922 0.03485576923076923
1 0.4879807692307692 0.44591346153846156 0.13942307692307693 0.06129807692307692
1 0.3269230769230769 0.44350961538461536 0.1875 0.08173076923076923