0 0.4362980769230769 0.40865384615384615 0.08173076923076923 0.05048076923076923
0 0.41947115384615385 0.5348557692307693 0.06850961538461539 0.054086538461538464
0 0.46634615384615385 0.6045673076923077 0.08774038461538461 0.06009615384615385
0 0.7584134615384616 0.6646634615384616 0.12980769230769232 0.0673076923076923
0 0.7439903846153846 0.5625 0.109375 0.07572115384615384
0 0.7259615384615384 0.5829326923076923 0.10216346153846154 0.078125
0 0.5096153846153846 0.7271634615384616 0.08653846153846154 0.04326923076923077
0 0.7283653846153846 0.9026442307692307 0.12740384615384615 0.10336538461538461
0 0.11538461538461539 0.4483173076923077 0.22235576923076922 0.1658653846153846
0 0.15384615384615385 0.3473557692307692 0.20072115384615385 0.11899038461538461
0 0.3389423076923077 0.515625 0.05889423076923077 0.055288461538461536
0 0.3605769230769231 0.6213942307692307 0.09014423076923077 0.05889423076923077
0 0.5673076923076923 0.5072115384615384 0.09014423076923077 0.056490384615384616
0 0.5925480769230769 0.4423076923076923 0.07451923076923077 0.06370192307692307
0 0.9519230769230769 0.6382211538461539 0.09134615384615384 0.07451923076923077
0 0.5889423076923077 0.6009615384615384 0.0625 0.036057692307692304
0 0.4579326923076923 0.47115384615384615 0.07451923076923077 0.06009615384615385
0 0.6875 0.5252403846153846 0.08413461538461539 0.042067307692307696
0 0.328125 0.6009615384615384 0.055288461538461536 0.04447115384615385
0 0.23798076923076922 0.5709134615384616 0.10216346153846154 0.051682692307692304
0 0.32211538461538464 0.5336538461538461 0.0673076923076923 0.04927884615384615
0 0.38341346153846156 0.41346153846153844 0.06009615384615385 0.04447115384615385
0 0.13581730769230768 0.2608173076923077 0.040865384615384616 0.0733173076923077
0 0.35336538461538464 0.3173076923076923 0.1778846153846154 0.08774038461538461
0 0.6850961538461539 0.35336538461538464 0.03125 0.037259615384615384
0 0.24158653846153846 0.4699519230769231 0.07451923076923077 0.03245192307692308
0 0.8665865384615384 0.8125 0.03485576923076923 0.08413461538461539
0 0.828125 0.8341346153846154 0.03485576923076923 0.078125
0 0.7836538461538461 0.9435096153846154 0.0829326923076923 0.055288461538461536
0 0.26322115384615385 0.3701923076923077 0.051682692307692304 0.05048076923076923
0 0.22235576923076922 0.3858173076923077 0.0673076923076923 0.037259615384615384
0 0.9290865384615384 0.6598557692307693 0.046875 0.051682692307692304
0 0.9651442307692307 0.75 0.039663461538461536 0.056490384615384616
0 0.53125 0.46274038461538464 0.025240384615384616 0.027644230769230768
0 0.5697115384615384 0.49399038461538464 0.05048076923076923 0.036057692307692304
0 0.6850961538461539 0.5072115384615384 0.08653846153846154 0.10336538461538461
0 0.27403846153846156 0.6382211538461539 0.06009615384615385 0.04447115384615385
0 0.484375 0.2620192307692308 0.03245192307692308 0.037259615384615384
0 0.4579326923076923 0.265625 0.030048076923076924 0.02283653846153846
0 0.45072115384615385 0.2956730769230769 0.037259615384615384 0.037259615384615384