1 0.5564903846153846 0.8774038461538461 0.19110576923076922 0.1141826923076923
1 0.5901442307692307 0.34615384615384615 0.14543269230769232 0.08533653846153846
1 0.7055288461538461 0.9459134615384616 0.14182692307692307 0.06971153846153846
1 0.8413461538461539 0.3293269230769231 0.11057692307692307 0.06850961538461539
1 0.0829326923076923 0.4963942307692308 0.09495192307692307 0.057692307692307696
1 0.6286057692307693 0.2536057692307692 0.10336538461538461 0.051682692307692304
1 0.6995192307692307 0.4675480769230769 0.0985576923076923 0.04807692307692308
1 0.35697115384615385 0.8197115384615384 0.07932692307692307 0.046875
1 0.02403846153846154 0.6586538461538461 0.046875 0.04567307692307692
1 0.43990384615384615 0.6346153846153846 0.06610576923076923 0.042067307692307696
1 0.4735576923076923 0.07451923076923077 0.08653846153846154 0.039663461538461536
1 0.042067307692307696 0.5661057692307693 0.07451923076923077 0.03125
1 0.41225961538461536 0.19951923076923078 0.06009615384615385 0.03125
1 0.040865384615384616 0.6009615384615384 0.06610576923076923 0.027644230769230768
1 0.16826923076923078 0.8185096153846154 0.042067307692307696 0.019230769230769232
1 0.10336538461538461 0.671875 0.04807692307692308 0.018028846153846152
1 0.5961538461538461 0.4170673076923077 0.05889423076923077 0.018028846153846152
1 0.49158653846153844 0.7259615384615384 0.03365384615384615 0.016826923076923076