0 0.8425480769230769 0.10817307692307693 0.2608173076923077 0.14423076923076922
6 0.7331730769230769 0.6742788461538461 0.22716346153846154 0.11177884615384616
4 0.7055288461538461 0.4951923076923077 0.30408653846153844 0.10697115384615384
4 0.4567307692307692 0.5492788461538461 0.08173076923076923 0.09014423076923077
0 0.9206730769230769 0.23557692307692307 0.15625 0.0829326923076923
4 0.09134615384615384 0.4699519230769231 0.18269230769230768 0.0733173076923077
0 0.36899038461538464 0.765625 0.12620192307692307 0.06971153846153846
0 0.3713942307692308 0.7043269230769231 0.11298076923076923 0.0625
4 0.6057692307692307 0.4723557692307692 0.1814903846153846 0.055288461538461536
0 0.49278846153846156 0.3125 0.12139423076923077 0.046875
0 0.6610576923076923 0.3317307692307692 0.13701923076923078 0.046875
0 0.8485576923076923 0.3545673076923077 0.1310096153846154 0.04567307692307692
0 0.7524038461538461 0.3425480769230769 0.1466346153846154 0.042067307692307696
0 0.5492788461538461 0.3798076923076923 0.1045673076923077 0.040865384615384616
0 0.7271634615384616 0.06971153846153846 0.140625 0.040865384615384616
0 0.7836538461538461 0.3798076923076923 0.11899038461538461 0.03125
0 0.6766826923076923 0.3786057692307692 0.12379807692307693 0.04326923076923077