0 0.9387019230769231 0.65625 0.11899038461538461 0.14783653846153846
0 0.9567307692307693 0.4951923076923077 0.08173076923076923 0.16826923076923078
0 0.8076923076923077 0.328125 0.052884615384615384 0.12860576923076922
0 0.6814903846153846 0.4807692307692308 0.11658653846153846 0.10817307692307693
0 0.7439903846153846 0.5492788461538461 0.17427884615384615 0.125
0 0.48197115384615385 0.4579326923076923 0.12379807692307693 0.12980769230769232
0 0.5480769230769231 0.22355769230769232 0.11778846153846154 0.1346153846153846
0 0.5805288461538461 0.19471153846153846 0.06129807692307692 0.055288461538461536
0 0.31971153846153844 0.15264423076923078 0.11298076923076923 0.06009615384615385
0 0.3173076923076923 0.5120192307692307 0.11298076923076923 0.14423076923076922
0 0.09254807692307693 0.3858173076923077 0.0733173076923077 0.09014423076923077
0 0.11778846153846154 0.27403846153846156 0.06490384615384616 0.09615384615384616
0 0.08653846153846154 0.20552884615384615 0.057692307692307696 0.07211538461538461
0 0.7283653846153846 0.15384615384615385 0.09134615384615384 0.04807692307692308
0 0.06850961538461539 0.03245192307692308 0.06370192307692307 0.039663461538461536