4 0.09495192307692307 0.42788461538461536 0.15144230769230768 0.1201923076923077
0 0.6045673076923077 0.04927884615384615 0.06971153846153846 0.0985576923076923
0 0.06490384615384616 0.06850961538461539 0.12980769230769232 0.09014423076923077
4 0.07451923076923077 0.14903846153846154 0.14903846153846154 0.06850961538461539
4 0.11899038461538461 0.2536057692307692 0.16346153846153846 0.06490384615384616
0 0.08052884615384616 0.028846153846153848 0.16105769230769232 0.057692307692307696
0 0.22235576923076922 0.17548076923076922 0.0829326923076923 0.04927884615384615
0 0.44591346153846156 0.6105769230769231 0.16346153846153846 0.04567307692307692
4 0.9375 0.46875 0.1201923076923077 0.04807692307692308
0 0.5204326923076923 0.3076923076923077 0.09134615384615384 0.039663461538461536
0 0.6478365384615384 0.2403846153846154 0.05889423076923077 0.039663461538461536
0 0.33774038461538464 0.2127403846153846 0.09495192307692307 0.037259615384615384
0 0.3233173076923077 0.2548076923076923 0.08052884615384616 0.03365384615384615
0 0.7451923076923077 0.2668269230769231 0.06370192307692307 0.03365384615384615
0 0.5733173076923077 0.2860576923076923 0.09495192307692307 0.03365384615384615
0 0.8737980769230769 0.23798076923076922 0.0733173076923077 0.03245192307692308
0 0.9134615384615384 0.296875 0.06490384615384616 0.03125
0 0.42427884615384615 0.2536057692307692 0.09254807692307693 0.03125
6 0.6165865384615384 0.5733173076923077 0.08052884615384616 0.03125
0 0.7331730769230769 0.2620192307692308 0.0625 0.03125
0 0.7800480769230769 0.27163461538461536 0.057692307692307696 0.028846153846153848
0 0.65625 0.5384615384615384 0.09134615384615384 0.027644230769230768
0 0.7487980769230769 0.30288461538461536 0.06610576923076923 0.027644230769230768
0 0.5649038461538461 0.5324519230769231 0.0625 0.026442307692307692
0 0.96875 0.2668269230769231 0.057692307692307696 0.028846153846153848
0 0.8533653846153846 0.2860576923076923 0.055288461538461536 0.02403846153846154
0 0.8677884615384616 0.2644230769230769 0.06610576923076923 0.021634615384615384
0 0.7319711538461539 0.040865384615384616 0.14543269230769232 0.08052884615384616