3 0.4807692307692308 0.3293269230769231 0.09735576923076923 0.08774038461538461
3 0.6201923076923077 0.32572115384615385 0.06490384615384616 0.08653846153846154
3 0.6862980769230769 0.3245192307692308 0.06610576923076923 0.08533653846153846
3 0.2980769230769231 0.29086538461538464 0.07692307692307693 0.0673076923076923
3 0.9122596153846154 0.39663461538461536 0.08173076923076923 0.06370192307692307
3 0.5300480769230769 0.32091346153846156 0.057692307692307696 0.06009615384615385
3 0.6778846153846154 0.203125 0.055288461538461536 0.05889423076923077
3 0.7259615384615384 0.203125 0.046875 0.055288461538461536
3 0.07572115384615384 0.32091346153846156 0.04567307692307692 0.055288461538461536
3 0.9086538461538461 0.03485576923076923 0.0673076923076923 0.04447115384615385
3 0.015625 0.3125 0.03125 0.038461538461538464
3 0.23677884615384615 0.45913461538461536 0.27884615384615385 0.07451923076923077