0 0.38100961538461536 0.19951923076923078 0.46634615384615385 0.3485576923076923
0 0.5877403846153846 0.5757211538461539 0.22596153846153846 0.234375
0 0.8365384615384616 0.7487980769230769 0.23798076923076922 0.19230769230769232
0 0.7019230769230769 0.39302884615384615 0.1310096153846154 0.19110576923076922
0 0.09254807692307693 0.6598557692307693 0.04567307692307692 0.0733173076923077
0 0.3942307692307692 0.6322115384615384 0.056490384615384616 0.06490384615384616
0 0.27524038461538464 0.6177884615384616 0.06971153846153846 0.0625
0 0.03245192307692308 0.734375 0.06490384615384616 0.052884615384615384
0 0.47115384615384615 0.6634615384615384 0.06971153846153846 0.051682692307692304
0 0.30528846153846156 0.6802884615384616 0.0889423076923077 0.05048076923076923
0 0.1658653846153846 0.6706730769230769 0.08413461538461539 0.037259615384615384
0 0.3233173076923077 0.6105769230769231 0.056490384615384616 0.036057692307692304
0 0.09254807692307693 0.6802884615384616 0.10096153846153846 0.036057692307692304
0 0.04326923076923077 0.7355769230769231 0.08653846153846154 0.038461538461538464