0 0.8305288461538461 0.4206730769230769 0.33774038461538464 0.18389423076923078
0 0.33653846153846156 0.875 0.2980769230769231 0.13581730769230768
0 0.3701923076923077 0.3425480769230769 0.34975961538461536 0.13581730769230768
0 0.24879807692307693 0.1935096153846154 0.3894230769230769 0.13341346153846154
0 0.5492788461538461 0.7151442307692307 0.34615384615384615 0.125
0 0.5096153846153846 0.08413461538461539 0.2860576923076923 0.12139423076923077
0 0.7439903846153846 0.1658653846153846 0.3894230769230769 0.11778846153846154
0 0.234375 0.7536057692307693 0.31850961538461536 0.11658653846153846
0 0.20192307692307693 0.4855769230769231 0.3798076923076923 0.1141826923076923
0 0.5192307692307693 0.4074519230769231 0.3918269230769231 0.1045673076923077
0 0.6418269230769231 0.5901442307692307 0.4014423076923077 0.1045673076923077
0 0.8641826923076923 0.7091346153846154 0.2692307692307692 0.09134615384615384
0 0.5841346153846154 0.8774038461538461 0.2776442307692308 0.09014423076923077
0 0.7115384615384616 0.2956730769230769 0.3317307692307692 0.09014423076923077
0 0.12259615384615384 0.7487980769230769 0.2283653846153846 0.08533653846153846
0 0.4362980769230769 0.515625 0.2800480769230769 0.08052884615384616
0 0.8233173076923077 0.08413461538461539 0.3088942307692308 0.08052884615384616
0 0.8365384615384616 0.5264423076923077 0.32211538461538464 0.078125
0 0.7307692307692307 0.038461538461538464 0.36538461538461536 0.07692307692307693
0 0.2403846153846154 0.36177884615384615 0.3245192307692308 0.07572115384615384
0 0.4543269230769231 0.22235576923076922 0.2283653846153846 0.07091346153846154
0 0.9543269230769231 0.3449519230769231 0.09014423076923077 0.0673076923076923
0 0.5096153846153846 0.5384615384615384 0.2668269230769231 0.06610576923076923
0 0.9543269230769231 0.6526442307692307 0.09014423076923077 0.06610576923076923
0 0.2512019230769231 0.028846153846153848 0.32211538461538464 0.057692307692307696
0 0.028846153846153848 0.5625 0.057692307692307696 0.057692307692307696
0 0.010817307692307692 0.4266826923076923 0.021634615384615384 0.040865384615384616
0 0.8617788461538461 0.009615384615384616 0.1875 0.019230769230769232
0 0.42908653846153844 0.9675480769230769 0.3425480769230769 0.06370192307692307