6 0.32572115384615385 0.6177884615384616 0.2800480769230769 0.2932692307692308
0 0.9278846153846154 0.08533653846153846 0.040865384615384616 0.08653846153846154
0 0.7259615384615384 0.8329326923076923 0.030048076923076924 0.06370192307692307
0 0.20673076923076922 0.0733173076923077 0.030048076923076924 0.054086538461538464
0 0.25 0.09615384615384616 0.028846153846153848 0.052884615384615384
0 0.9783653846153846 0.4110576923076923 0.010817307692307692 0.04326923076923077
0 0.359375 0.03365384615384615 0.06850961538461539 0.042067307692307696
0 0.328125 0.36658653846153844 0.020432692307692308 0.039663461538461536
0 0.9915865384615384 0.08533653846153846 0.015625 0.038461538461538464
0 0.15264423076923078 0.08533653846153846 0.036057692307692304 0.03365384615384615
0 0.3425480769230769 0.015625 0.057692307692307696 0.03125
0 0.21033653846153846 0.1310096153846154 0.016826923076923076 0.03125
0 0.9759615384615384 0.5300480769230769 0.04447115384615385 0.025240384615384616
0 0.42427884615384615 0.21033653846153846 0.057692307692307696 0.025240384615384616
0 0.8497596153846154 0.2764423076923077 0.056490384615384616 0.02283653846153846
0 0.37740384615384615 0.18028846153846154 0.025240384615384616 0.021634615384615384
0 0.36538461538461536 0.14302884615384615 0.02403846153846154 0.021634615384615384
0 0.40625 0.11778846153846154 0.056490384615384616 0.018028846153846152
0 0.5540865384615384 0.4266826923076923 0.037259615384615384 0.016826923076923076
0 0.12379807692307693 0.16947115384615385 0.03245192307692308 0.014423076923076924
0 0.5252403846153846 0.27884615384615385 0.015625 0.014423076923076924