4 0.5673076923076923 0.6274038461538461 0.6526442307692307 0.23557692307692307
4 0.5925480769230769 0.36899038461538464 0.6754807692307693 0.203125
0 0.7391826923076923 0.8401442307692307 0.19951923076923078 0.0985576923076923
0 0.7115384615384616 0.6069711538461539 0.1045673076923077 0.06971153846153846
0 0.19230769230769232 0.2091346153846154 0.19110576923076922 0.06129807692307692
4 0.4170673076923077 0.4795673076923077 0.11177884615384616 0.06009615384615385
0 0.04927884615384615 0.22235576923076922 0.0985576923076923 0.056490384615384616
0 0.5516826923076923 0.27524038461538464 0.17307692307692307 0.056490384615384616
0 0.29086538461538464 0.21514423076923078 0.10336538461538461 0.051682692307692304
0 0.9507211538461539 0.2932692307692308 0.09615384615384616 0.051682692307692304
0 0.4807692307692308 0.21995192307692307 0.15745192307692307 0.051682692307692304
0 0.5985576923076923 0.21875 0.11177884615384616 0.04807692307692308
0 0.3762019230769231 0.25600961538461536 0.18389423076923078 0.04807692307692308
0 0.6394230769230769 0.26322115384615385 0.11778846153846154 0.042067307692307696
0 0.040865384615384616 0.24759615384615385 0.08173076923076923 0.042067307692307696
0 0.4423076923076923 0.18870192307692307 0.14783653846153846 0.040865384615384616
0 0.12860576923076922 0.1201923076923077 0.12980769230769232 0.039663461538461536
0 0.6706730769230769 0.34975961538461536 0.15264423076923078 0.038461538461538464