3 0.24519230769230768 0.7115384615384616 0.0889423076923077 0.1141826923076923
3 0.29086538461538464 0.5817307692307693 0.057692307692307696 0.052884615384615384
3 0.6826923076923077 0.5949519230769231 0.055288461538461536 0.04807692307692308
3 0.9038461538461539 0.6370192307692307 0.054086538461538464 0.046875
3 0.5108173076923077 0.5949519230769231 0.07932692307692307 0.04326923076923077
3 0.6634615384615384 0.39663461538461536 0.04447115384615385 0.04326923076923077
3 0.7512019230769231 0.5769230769230769 0.051682692307692304 0.042067307692307696
3 0.6045673076923077 0.5733173076923077 0.06610576923076923 0.037259615384615384
3 0.22355769230769232 0.5588942307692307 0.08173076923076923 0.03125
3 0.43149038461538464 0.3942307692307692 0.0673076923076923 0.030048076923076924
3 0.5997596153846154 0.3870192307692308 0.037259615384615384 0.02403846153846154