4 0.5504807692307693 0.4675480769230769 0.04567307692307692 0.21153846153846154
4 0.28725961538461536 0.21754807692307693 0.07091346153846154 0.12620192307692307
4 0.6117788461538461 0.10576923076923077 0.11658653846153846 0.09014423076923077
4 0.39663461538461536 0.4807692307692308 0.08173076923076923 0.08413461538461539
4 0.2860576923076923 0.5348557692307693 0.0625 0.06850961538461539
0 0.3942307692307692 0.9206730769230769 0.016826923076923076 0.0625
0 0.46033653846153844 0.875 0.026442307692307692 0.057692307692307696
0 0.35697115384615385 0.8737980769230769 0.025240384615384616 0.055288461538461536
0 0.328125 0.7091346153846154 0.01201923076923077 0.054086538461538464
0 0.4831730769230769 0.5649038461538461 0.016826923076923076 0.052884615384615384
0 0.2776442307692308 0.7680288461538461 0.019230769230769232 0.051682692307692304
0 0.6358173076923077 0.8605769230769231 0.02283653846153846 0.04326923076923077
0 0.359375 0.9615384615384616 0.016826923076923076 0.027644230769230768
0 0.5721153846153846 0.6286057692307693 0.010817307692307692 0.027644230769230768
0 0.5913461538461539 0.6322115384615384 0.014423076923076924 0.02403846153846154
0 0.5853365384615384 0.5913461538461539 0.013221153846153846 0.02403846153846154
0 0.31490384615384615 0.7415865384615384 0.010817307692307692 0.021634615384615384
0 0.37740384615384615 0.27884615384615385 0.008413461538461538 0.021634615384615384
0 0.3485576923076923 0.37740384615384615 0.01201923076923077 0.020432692307692308
0 0.36177884615384615 0.4362980769230769 0.009615384615384616 0.013221153846153846
0 0.37259615384615385 0.44591346153846156 0.010817307692307692 0.01201923076923077
0 0.29447115384615385 0.36658653846153844 0.010817307692307692 0.010817307692307692
0 0.35336538461538464 0.7644230769230769 0.019230769230769232 0.056490384615384616