4 0.8341346153846154 0.4050480769230769 0.31009615384615385 0.0829326923076923
0 0.3449519230769231 0.8762019230769231 0.11778846153846154 0.08173076923076923
0 0.06009615384615385 0.32091346153846156 0.1201923076923077 0.078125
4 0.484375 0.6021634615384616 0.24158653846153846 0.0673076923076923
0 0.3269230769230769 0.34975961538461536 0.18028846153846154 0.0673076923076923
4 0.8197115384615384 0.5697115384615384 0.21634615384615385 0.0625
4 0.9519230769230769 0.7139423076923077 0.09495192307692307 0.052884615384615384
0 0.41586538461538464 0.4014423076923077 0.15264423076923078 0.04927884615384615
0 0.06610576923076923 0.46274038461538464 0.13221153846153846 0.04927884615384615
0 0.2512019230769231 0.3870192307692308 0.18028846153846154 0.04807692307692308
0 0.04567307692307692 0.421875 0.09014423076923077 0.04447115384615385
0 0.3870192307692308 0.5456730769230769 0.18269230769230768 0.04447115384615385
0 0.38822115384615385 0.47115384615384615 0.1466346153846154 0.04447115384615385
0 0.4639423076923077 0.4338942307692308 0.13581730769230768 0.04326923076923077
0 0.3485576923076923 0.421875 0.12620192307692307 0.039663461538461536
0 0.18870192307692307 0.4230769230769231 0.13942307692307693 0.037259615384615384
0 0.5036057692307693 0.46033653846153844 0.12620192307692307 0.037259615384615384
0 0.1466346153846154 0.44711538461538464 0.08774038461538461 0.03245192307692308