4 0.6899038461538461 0.5889423076923077 0.6153846153846154 0.47115384615384615
0 0.7367788461538461 0.328125 0.15504807692307693 0.09254807692307693
0 0.3173076923076923 0.8713942307692307 0.23918269230769232 0.07572115384615384
0 0.8737980769230769 0.9134615384615384 0.21033653846153846 0.0673076923076923
4 0.5685096153846154 0.6622596153846154 0.13701923076923078 0.0625
0 0.25240384615384615 0.4675480769230769 0.20673076923076922 0.06009615384615385
0 0.9423076923076923 0.37740384615384615 0.10817307692307693 0.057692307692307696
0 0.4170673076923077 0.5793269230769231 0.055288461538461536 0.04326923076923077
4 0.5336538461538461 0.7295673076923077 0.13822115384615385 0.04326923076923077
0 0.09615384615384616 0.6862980769230769 0.11298076923076923 0.038461538461538464
0 0.140625 0.4987980769230769 0.04447115384615385 0.03485576923076923
0 0.3858173076923077 0.5685096153846154 0.0985576923076923 0.03485576923076923
0 0.21754807692307693 0.5877403846153846 0.11778846153846154 0.03245192307692308
0 0.17668269230769232 0.5625 0.1141826923076923 0.03245192307692308
0 0.2932692307692308 0.5360576923076923 0.0985576923076923 0.03125
0 0.484375 0.5637019230769231 0.07572115384615384 0.030048076923076924
0 0.2608173076923077 0.5348557692307693 0.06850961538461539 0.028846153846153848
0 0.3870192307692308 0.5216346153846154 0.06850961538461539 0.028846153846153848
0 0.078125 0.546875 0.051682692307692304 0.026442307692307692
0 0.5264423076923077 0.5444711538461539 0.10697115384615384 0.025240384615384616
0 0.125 0.5444711538461539 0.057692307692307696 0.02403846153846154
0 0.25240384615384615 0.5060096153846154 0.04326923076923077 0.02403846153846154
0 0.4110576923076923 0.5048076923076923 0.06009615384615385 0.021634615384615384