6 0.47716346153846156 0.15985576923076922 0.09134615384615384 0.203125
0 0.9603365384615384 0.3401442307692308 0.07451923076923077 0.11778846153846154
0 0.7235576923076923 0.328125 0.02283653846153846 0.08413461538461539
0 0.31009615384615385 0.33533653846153844 0.021634615384615384 0.07932692307692307
0 0.5745192307692307 0.20432692307692307 0.019230769230769232 0.06490384615384616
0 0.25961538461538464 0.7860576923076923 0.030048076923076924 0.051682692307692304
0 0.9519230769230769 0.44591346153846156 0.013221153846153846 0.05048076923076923
0 0.59375 0.8858173076923077 0.019230769230769232 0.039663461538461536
0 0.21394230769230768 0.8581730769230769 0.030048076923076924 0.038461538461538464
0 0.7932692307692307 0.8942307692307693 0.014423076923076924 0.03485576923076923
0 0.7620192307692307 0.5336538461538461 0.03245192307692308 0.03485576923076923
0 0.9543269230769231 0.8894230769230769 0.019230769230769232 0.03485576923076923
0 0.8870192307692307 0.9447115384615384 0.018028846153846152 0.03365384615384615
0 0.5625 0.39783653846153844 0.010817307692307692 0.03245192307692308
0 0.8293269230769231 0.8677884615384616 0.015625 0.03245192307692308
0 0.40865384615384615 0.3076923076923077 0.006009615384615385 0.025240384615384616
0 0.5084134615384616 0.328125 0.014423076923076924 0.02403846153846154
0 0.6274038461538461 0.8088942307692307 0.01201923076923077 0.019230769230769232
0 0.5540865384615384 0.34375 0.010817307692307692 0.018028846153846152
0 0.6117788461538461 0.8798076923076923 0.015625 0.018028846153846152
0 0.4266826923076923 0.3858173076923077 0.009615384615384616 0.010817307692307692
6 0.30408653846153844 0.48197115384615385 0.06610576923076923 0.2091346153846154