2 0.5817307692307693 0.5673076923076923 0.6045673076923077 0.4098557692307692
2 0.8737980769230769 0.29927884615384615 0.036057692307692304 0.09134615384615384
2 0.15865384615384615 0.31850961538461536 0.051682692307692304 0.0829326923076923
2 0.054086538461538464 0.3581730769230769 0.051682692307692304 0.07572115384615384
2 0.016826923076923076 0.3605769230769231 0.028846153846153848 0.06370192307692307
2 0.9302884615384616 0.29927884615384615 0.038461538461538464 0.06370192307692307
2 0.2620192307692308 0.34134615384615385 0.03365384615384615 0.056490384615384616
2 0.0985576923076923 0.3485576923076923 0.04567307692307692 0.056490384615384616
2 0.21033653846153846 0.35216346153846156 0.03365384615384615 0.04927884615384615
2 0.29927884615384615 0.3161057692307692 0.02283653846153846 0.04567307692307692
2 0.828125 0.33413461538461536 0.025240384615384616 0.038461538461538464
2 0.9831730769230769 0.31850961538461536 0.021634615384615384 0.03125