1 0.30288461538461536 0.6875 0.12740384615384615 0.21754807692307693
1 0.32211538461538464 0.12259615384615384 0.07091346153846154 0.19951923076923078
1 0.23317307692307693 0.78125 0.13341346153846154 0.18629807692307693
1 0.6514423076923077 0.7560096153846154 0.07932692307692307 0.18269230769230768
1 0.21754807692307693 0.45552884615384615 0.12620192307692307 0.1778846153846154
1 0.7103365384615384 0.8569711538461539 0.0889423076923077 0.17548076923076922
1 0.8040865384615384 0.5072115384615384 0.09975961538461539 0.17427884615384615
1 0.13942307692307693 0.5240384615384616 0.10697115384615384 0.16346153846153846
1 0.3581730769230769 0.7199519230769231 0.09735576923076923 0.16105769230769232
1 0.9771634615384616 0.6646634615384616 0.040865384615384616 0.1658653846153846
1 0.2776442307692308 0.16346153846153846 0.0625 0.15504807692307693
1 0.5192307692307693 0.14423076923076922 0.046875 0.15504807692307693
1 0.6021634615384616 0.41586538461538464 0.12740384615384615 0.15264423076923078
1 0.5745192307692307 0.828125 0.07091346153846154 0.15144230769230768
1 0.5661057692307693 0.22115384615384615 0.04807692307692308 0.1502403846153846
1 0.6237980769230769 0.5084134615384616 0.10096153846153846 0.1502403846153846
1 0.42788461538461536 0.2692307692307692 0.11298076923076923 0.14783653846153846
1 0.4230769230769231 0.19951923076923078 0.06370192307692307 0.14423076923076922
1 0.7079326923076923 0.4987980769230769 0.09495192307692307 0.140625
1 0.7800480769230769 0.3954326923076923 0.07091346153846154 0.140625
1 0.8461538461538461 0.36177884615384615 0.06490384615384616 0.13942307692307693
1 0.8641826923076923 0.671875 0.07572115384615384 0.13942307692307693
1 0.13822115384615385 0.7403846153846154 0.10336538461538461 0.13822115384615385
1 0.4963942307692308 0.6526442307692307 0.1045673076923077 0.13701923076923078
1 0.328125 0.8918269230769231 0.08413461538461539 0.13701923076923078
1 0.0829326923076923 0.06850961538461539 0.1466346153846154 0.13581730769230768
1 0.39903846153846156 0.6117788461538461 0.08413461538461539 0.13221153846153846
1 0.3545673076923077 0.421875 0.14903846153846154 0.125
1 0.7415865384615384 0.1201923076923077 0.09254807692307693 0.12259615384615384
1 0.7800480769230769 0.2668269230769231 0.09735576923076923 0.12259615384615384
1 0.6959134615384616 0.6923076923076923 0.04807692307692308 0.11899038461538461
1 0.5024038461538461 0.484375 0.078125 0.11538461538461539
1 0.6213942307692307 0.2824519230769231 0.052884615384615384 0.11538461538461539
1 0.5865384615384616 0.055288461538461536 0.0625 0.109375
1 0.4987980769230769 0.054086538461538464 0.054086538461538464 0.10697115384615384
1 0.6887019230769231 0.4170673076923077 0.06971153846153846 0.10576923076923077
1 0.34134615384615385 0.9471153846153846 0.11538461538461539 0.1045673076923077
1 0.25961538461538464 0.5348557692307693 0.0733173076923077 0.1045673076923077
1 0.8954326923076923 0.3942307692307692 0.04567307692307692 0.1045673076923077
1 0.8557692307692307 0.7956730769230769 0.0889423076923077 0.10216346153846154
1 0.7512019230769231 0.3545673076923077 0.040865384615384616 0.09735576923076923
1 0.42427884615384615 0.49399038461538464 0.057692307692307696 0.09014423076923077
1 0.8954326923076923 0.3233173076923077 0.057692307692307696 0.09014423076923077
1 0.34134615384615385 0.5024038461538461 0.08173076923076923 0.08653846153846154
1 0.7716346153846154 0.04447115384615385 0.08653846153846154 0.08653846153846154
1 0.22716346153846154 0.1875 0.07451923076923077 0.08533653846153846
1 0.2439903846153846 0.36177884615384615 0.06009615384615385 0.08173076923076923
1 0.34615384615384615 0.3389423076923077 0.07932692307692307 0.08052884615384616
1 0.6670673076923077 0.6201923076923077 0.054086538461538464 0.07451923076923077
1 0.6310096153846154 0.7367788461538461 0.09375 0.07211538461538461
1 0.5612980769230769 0.9375 0.04807692307692308 0.07211538461538461
1 0.5144230769230769 0.3894230769230769 0.09014423076923077 0.07091346153846154
1 0.3641826923076923 0.828125 0.10216346153846154 0.06850961538461539
1 0.671875 0.3473557692307692 0.040865384615384616 0.06370192307692307
1 0.9290865384615384 0.6610576923076923 0.0625 0.06009615384615385
1 0.21394230769230768 0.5480769230769231 0.030048076923076924 0.054086538461538464