1 0.30528846153846156 0.5841346153846154 0.24879807692307693 0.1466346153846154
1 0.6658653846153846 0.6237980769230769 0.24158653846153846 0.1201923076923077
1 0.7451923076923077 0.4519230769230769 0.20552884615384615 0.12980769230769232
1 0.6177884615384616 0.5576923076923077 0.18870192307692307 0.08413461538461539
1 0.27283653846153844 0.765625 0.14903846153846154 0.11057692307692307
1 0.140625 0.9122596153846154 0.22355769230769232 0.12860576923076922
1 0.5997596153846154 0.8173076923076923 0.20192307692307693 0.11778846153846154
1 0.7103365384615384 0.7896634615384616 0.2548076923076923 0.12740384615384615
1 0.8161057692307693 0.7259615384615384 0.20552884615384615 0.09975961538461539
1 0.8533653846153846 0.8713942307692307 0.27163461538461536 0.06971153846153846
1 0.7079326923076923 0.9411057692307693 0.20072115384615385 0.11177884615384616
1 0.9074519230769231 0.32211538461538464 0.18269230769230768 0.12259615384615384
1 0.6598557692307693 0.1658653846153846 0.32091346153846156 0.1141826923076923
1 0.2283653846153846 0.07211538461538461 0.29447115384615385 0.13822115384615385
1 0.3737980769230769 0.17427884615384615 0.19471153846153846 0.12860576923076922
1 0.12379807692307693 0.296875 0.22355769230769232 0.13581730769230768
1 0.09375 0.14903846153846154 0.18028846153846154 0.09014423076923077
1 0.59375 0.04447115384615385 0.2439903846153846 0.0829326923076923
1 0.5516826923076923 0.36177884615384615 0.13581730769230768 0.21514423076923078
1 0.39663461538461536 0.4074519230769231 0.1346153846153846 0.1045673076923077
1 0.9194711538461539 0.10096153846153846 0.15985576923076922 0.18990384615384615
1 0.08413461538461539 0.6550480769230769 0.16706730769230768 0.09014423076923077
1 0.20192307692307693 0.6358173076923077 0.22596153846153846 0.1201923076923077
1 0.4639423076923077 0.6466346153846154 0.2283653846153846 0.10576923076923077
1 0.8966346153846154 0.5901442307692307 0.15504807692307693 0.1045673076923077
1 0.6298076923076923 0.23076923076923078 0.22956730769230768 0.06009615384615385
1 0.6225961538461539 0.3317307692307692 0.078125 0.039663461538461536
1 0.6754807692307693 0.28846153846153844 0.18509615384615385 0.08533653846153846
1 0.984375 0.5985576923076923 0.028846153846153848 0.06850961538461539
1 0.8701923076923077 0.9411057692307693 0.15264423076923078 0.042067307692307696
1 0.36658653846153844 0.7475961538461539 0.12259615384615384 0.046875
1 0.06971153846153846 0.6105769230769231 0.13942307692307693 0.0625