0 0.734375 0.16105769230769232 0.1346153846153846 0.16466346153846154
0 0.6826923076923077 0.3112980769230769 0.24759615384615385 0.109375
4 0.53125 0.5456730769230769 0.31490384615384615 0.10697115384615384
0 0.8521634615384616 0.4579326923076923 0.06850961538461539 0.08052884615384616
0 0.13341346153846154 0.35697115384615385 0.21153846153846154 0.07572115384615384
0 0.9206730769230769 0.3942307692307692 0.15745192307692307 0.07451923076923077
4 0.5913461538461539 0.6358173076923077 0.22115384615384615 0.06490384615384616
0 0.06370192307692307 0.46274038461538464 0.12620192307692307 0.051682692307692304
0 0.9519230769230769 0.4567307692307692 0.09375 0.051682692307692304
0 0.3737980769230769 0.38822115384615385 0.15264423076923078 0.04447115384615385
0 0.5985576923076923 0.38822115384615385 0.14182692307692307 0.04326923076923077
0 0.7295673076923077 0.4423076923076923 0.14783653846153846 0.042067307692307696
0 0.8461538461538461 0.4651442307692308 0.12980769230769232 0.042067307692307696
0 0.5709134615384616 0.44711538461538464 0.13942307692307693 0.042067307692307696
0 0.21033653846153846 0.41466346153846156 0.15985576923076922 0.040865384615384616
0 0.1935096153846154 0.39302884615384615 0.1201923076923077 0.038461538461538464
0 0.31009615384615385 0.41225961538461536 0.11658653846153846 0.038461538461538464
0 0.015625 0.3798076923076923 0.03125 0.037259615384615384
0 0.3894230769230769 0.2283653846153846 0.31850961538461536 0.11778846153846154