0 0.5625 0.15985576923076922 0.10216346153846154 0.19591346153846154
0 0.1622596153846154 0.17307692307692307 0.03365384615384615 0.09254807692307693
0 0.30528846153846156 0.054086538461538464 0.036057692307692304 0.0829326923076923
0 0.36899038461538464 0.234375 0.056490384615384616 0.0733173076923077
0 0.5348557692307693 0.6358173076923077 0.04567307692307692 0.06490384615384616
0 0.5480769230769231 0.036057692307692304 0.06850961538461539 0.0625
0 0.3245192307692308 0.5997596153846154 0.05889423076923077 0.06009615384615385
0 0.42788461538461536 0.2776442307692308 0.025240384615384616 0.055288461538461536
0 0.27403846153846156 0.055288461538461536 0.027644230769230768 0.052884615384615384
0 0.2439903846153846 0.27884615384615385 0.02283653846153846 0.04567307692307692
0 0.24158653846153846 0.052884615384615384 0.027644230769230768 0.04447115384615385
0 0.21514423076923078 0.021634615384615384 0.036057692307692304 0.042067307692307696
0 0.47596153846153844 0.3076923076923077 0.025240384615384616 0.042067307692307696
0 0.42908653846153844 0.4074519230769231 0.056490384615384616 0.042067307692307696
0 0.29086538461538464 0.23918269230769232 0.026442307692307692 0.040865384615384616
0 0.1778846153846154 0.2776442307692308 0.02403846153846154 0.038461538461538464
0 0.34134615384615385 0.5372596153846154 0.03125 0.03485576923076923
0 0.30288461538461536 0.6875 0.040865384615384616 0.039663461538461536