1 0.6983173076923077 0.23197115384615385 0.11778846153846154 0.10336538461538461
1 0.5949519230769231 0.7379807692307693 0.07932692307692307 0.0985576923076923
1 0.7572115384615384 0.7091346153846154 0.13701923076923078 0.09735576923076923
1 0.48677884615384615 0.8473557692307693 0.13701923076923078 0.09134615384615384
1 0.3004807692307692 0.6286057692307693 0.12740384615384615 0.0673076923076923
1 0.7572115384615384 0.5336538461538461 0.11177884615384616 0.0673076923076923
1 0.3581730769230769 0.8221153846153846 0.11298076923076923 0.06490384615384616
1 0.5805288461538461 0.4879807692307692 0.12860576923076922 0.06370192307692307
1 0.6237980769230769 0.45552884615384615 0.12980769230769232 0.06370192307692307
1 0.6646634615384616 0.5336538461538461 0.10817307692307693 0.0625
1 0.8365384615384616 0.5108173076923077 0.1141826923076923 0.06129807692307692
1 0.7415865384615384 0.8377403846153846 0.125 0.06129807692307692
1 0.9483173076923077 0.8665865384615384 0.10096153846153846 0.057692307692307696
1 0.43149038461538464 0.44350961538461536 0.14903846153846154 0.057692307692307696
1 0.9567307692307693 0.5384615384615384 0.08413461538461539 0.054086538461538464