1 0.7295673076923077 0.2403846153846154 0.21754807692307693 0.12379807692307693
1 0.6550480769230769 0.3605769230769231 0.1971153846153846 0.09254807692307693
1 0.796875 0.6069711538461539 0.12379807692307693 0.078125
1 0.9615384615384616 0.7512019230769231 0.07572115384615384 0.06971153846153846
1 0.45072115384615385 0.7019230769230769 0.12740384615384615 0.06610576923076923
1 0.8052884615384616 0.96875 0.18269230769230768 0.06009615384615385
1 0.12740384615384615 0.7764423076923077 0.06129807692307692 0.056490384615384616
1 0.35096153846153844 0.4675480769230769 0.12139423076923077 0.055288461538461536
1 0.4963942307692308 0.3737980769230769 0.09495192307692307 0.04927884615384615
1 0.546875 0.7175480769230769 0.07932692307692307 0.04447115384615385
1 0.2283653846153846 0.020432692307692308 0.19831730769230768 0.040865384615384616
1 0.11778846153846154 0.4963942307692308 0.0733173076923077 0.040865384615384616
1 0.8834134615384616 0.8365384615384616 0.07451923076923077 0.038461538461538464
1 0.03365384615384615 0.40024038461538464 0.04326923076923077 0.03485576923076923
1 0.9831730769230769 0.6454326923076923 0.03245192307692308 0.03125
1 0.703125 0.4639423076923077 0.09014423076923077 0.03125
1 0.7980769230769231 0.36778846153846156 0.05048076923076923 0.030048076923076924
1 0.8125 0.7716346153846154 0.055288461538461536 0.027644230769230768
1 0.27403846153846156 0.6177884615384616 0.07211538461538461 0.02403846153846154
1 0.31850961538461536 0.9423076923076923 0.10216346153846154 0.06009615384615385