0 0.28365384615384615 0.10216346153846154 0.09495192307692307 0.20072115384615385
4 0.6454326923076923 0.5252403846153846 0.24519230769230768 0.13581730769230768
0 0.44711538461538464 0.20552884615384615 0.15865384615384615 0.1346153846153846
0 0.15625 0.296875 0.07451923076923077 0.07451923076923077
4 0.2800480769230769 0.6045673076923077 0.11778846153846154 0.06971153846153846
0 0.23798076923076922 0.390625 0.1346153846153846 0.06610576923076923
4 0.06850961538461539 0.6875 0.12139423076923077 0.06490384615384616
0 0.039663461538461536 0.39302884615384615 0.056490384615384616 0.06490384615384616
0 0.3233173076923077 0.3557692307692308 0.16105769230769232 0.055288461538461536
0 0.046875 0.3245192307692308 0.09375 0.052884615384615384
0 0.08774038461538461 0.4362980769230769 0.055288461538461536 0.04927884615384615
0 0.09134615384615384 0.36778846153846156 0.07572115384615384 0.042067307692307696
0 0.22596153846153846 0.2800480769230769 0.06610576923076923 0.03365384615384615
0 0.1935096153846154 0.3088942307692308 0.06850961538461539 0.03245192307692308
0 0.14783653846153846 0.08052884615384616 0.11778846153846154 0.16105769230769232