4 0.5997596153846154 0.640625 0.37740384615384615 0.2091346153846154
4 0.5997596153846154 0.39302884615384615 0.5637019230769231 0.19471153846153846
4 0.12139423076923077 0.8930288461538461 0.24278846153846154 0.13822115384615385
0 0.1141826923076923 0.5829326923076923 0.12139423076923077 0.07091346153846154
0 0.8112980769230769 0.15625 0.17307692307692307 0.0625
0 0.5817307692307693 0.2283653846153846 0.15745192307692307 0.055288461538461536
0 0.06009615384615385 0.21754807692307693 0.11899038461538461 0.055288461538461536
0 0.17668269230769232 0.2824519230769231 0.16706730769230768 0.051682692307692304
0 0.46634615384615385 0.18028846153846154 0.13221153846153846 0.04927884615384615
0 0.8161057692307693 0.2127403846153846 0.16466346153846154 0.04807692307692308
0 0.5769230769230769 0.10096153846153846 0.12259615384615384 0.04567307692307692
6 0.24879807692307693 0.6935096153846154 0.1201923076923077 0.04567307692307692
0 0.6502403846153846 0.1622596153846154 0.1310096153846154 0.04326923076923077
0 0.5721153846153846 0.020432692307692308 0.11899038461538461 0.040865384615384616
0 0.6045673076923077 0.14903846153846154 0.09735576923076923 0.038461538461538464
4 0.9182692307692307 0.7043269230769231 0.1622596153846154 0.08774038461538461