1 0.5913461538461539 0.4543269230769231 0.15985576923076922 0.1201923076923077
1 0.051682692307692304 0.33052884615384615 0.10336538461538461 0.1141826923076923
1 0.921875 0.5120192307692307 0.15504807692307693 0.11298076923076923
1 0.3701923076923077 0.6454326923076923 0.19230769230769232 0.11298076923076923
1 0.9435096153846154 0.3954326923076923 0.11177884615384616 0.11177884615384616
1 0.5697115384615384 0.5901442307692307 0.19471153846153846 0.109375
1 0.7295673076923077 0.7415865384615384 0.21153846153846154 0.10336538461538461
1 0.16706730769230768 0.7704326923076923 0.13942307692307693 0.09014423076923077
1 0.8641826923076923 0.8954326923076923 0.16826923076923078 0.08653846153846154
1 0.43990384615384615 0.75 0.12259615384615384 0.0829326923076923
1 0.5877403846153846 0.7932692307692307 0.15384615384615385 0.07572115384615384
1 0.8677884615384616 0.3557692307692308 0.13221153846153846 0.07211538461538461
1 0.10096153846153846 0.23557692307692307 0.1622596153846154 0.06971153846153846
1 0.3798076923076923 0.9735576923076923 0.1201923076923077 0.051682692307692304
1 0.33052884615384615 0.015625 0.1310096153846154 0.03125