4 0.5012019230769231 0.4675480769230769 0.15144230769230768 0.14903846153846154
0 0.2776442307692308 0.06129807692307692 0.42427884615384615 0.12259615384615384
0 0.10096153846153846 0.20552884615384615 0.11538461538461539 0.08533653846153846
4 0.18269230769230768 0.47475961538461536 0.09254807692307693 0.052884615384615384
0 0.29927884615384615 0.7079326923076923 0.0829326923076923 0.05048076923076923
0 0.12740384615384615 0.41466346153846156 0.026442307692307692 0.042067307692307696
0 0.0673076923076923 0.5408653846153846 0.04567307692307692 0.040865384615384616
4 0.3701923076923077 0.6021634615384616 0.08653846153846154 0.039663461538461536
0 0.5612980769230769 0.2704326923076923 0.04927884615384615 0.037259615384615384
4 0.5168269230769231 0.6838942307692307 0.052884615384615384 0.036057692307692304
0 0.06370192307692307 0.44471153846153844 0.07572115384615384 0.03485576923076923
6 0.06490384615384616 0.7728365384615384 0.11298076923076923 0.03365384615384615
0 0.5997596153846154 0.5757211538461539 0.08653846153846154 0.030048076923076924
0 0.23197115384615385 0.42788461538461536 0.09014423076923077 0.030048076923076924
0 0.34375 0.41225961538461536 0.0889423076923077 0.028846153846153848
0 0.6189903846153846 0.4375 0.08653846153846154 0.028846153846153848
0 0.53125 0.5252403846153846 0.06370192307692307 0.028846153846153848
0 0.6670673076923077 0.4675480769230769 0.08774038461538461 0.027644230769230768
0 0.40625 0.44711538461538464 0.08774038461538461 0.026442307692307692
0 0.28725961538461536 0.47596153846153844 0.08413461538461539 0.026442307692307692
0 0.1971153846153846 0.41586538461538464 0.08413461538461539 0.025240384615384616
0 0.2848557692307692 0.45913461538461536 0.046875 0.025240384615384616
0 0.6742788461538461 0.4362980769230769 0.08173076923076923 0.025240384615384616
0 0.4651442307692308 0.43028846153846156 0.0673076923076923 0.02403846153846154
0 0.6995192307692307 0.5348557692307693 0.030048076923076924 0.02403846153846154
0 0.6995192307692307 0.5504807692307693 0.014423076923076924 0.013221153846153846
0 0.6598557692307693 0.5552884615384616 0.027644230769230768 0.010817307692307692
0 0.6790865384615384 0.5793269230769231 0.013221153846153846 0.010817307692307692
0 0.7463942307692307 0.5576923076923077 0.021634615384615384 0.009615384615384616
0 0.6694711538461539 0.5661057692307693 0.014423076923076924 0.008413461538461538