6 0.44591346153846156 0.7019230769230769 0.19831730769230768 0.09134615384615384
0 0.3389423076923077 0.09615384615384616 0.0733173076923077 0.07692307692307693
4 0.3786057692307692 0.22355769230769232 0.16947115384615385 0.055288461538461536
0 0.2848557692307692 0.21033653846153846 0.06009615384615385 0.054086538461538464
4 0.7740384615384616 0.3112980769230769 0.05889423076923077 0.04447115384615385
0 0.04807692307692308 0.109375 0.09615384615384616 0.04326923076923077
4 0.24639423076923078 0.15264423076923078 0.17307692307692307 0.042067307692307696
0 0.013221153846153846 0.1310096153846154 0.026442307692307692 0.040865384615384616
0 0.0985576923076923 0.14423076923076922 0.10096153846153846 0.040865384615384616
4 0.7043269230769231 0.34134615384615385 0.0733173076923077 0.040865384615384616
4 0.5576923076923077 0.3449519230769231 0.056490384615384616 0.039663461538461536
6 0.8173076923076923 0.5204326923076923 0.11538461538461539 0.038461538461538464
4 0.5084134615384616 0.47836538461538464 0.19230769230769232 0.03485576923076923
0 0.14783653846153846 0.20072115384615385 0.09134615384615384 0.03485576923076923
0 0.6442307692307693 0.18990384615384615 0.0985576923076923 0.03125
0 0.5084134615384616 0.21153846153846154 0.08653846153846154 0.028846153846153848
0 0.33533653846153844 0.21153846153846154 0.06610576923076923 0.027644230769230768
0 0.24639423076923078 0.18509615384615385 0.08774038461538461 0.026442307692307692
0 0.5649038461538461 0.2620192307692308 0.07932692307692307 0.026442307692307692
4 0.3389423076923077 0.42788461538461536 0.10096153846153846 0.025240384615384616
0 0.6887019230769231 0.24519230769230768 0.08533653846153846 0.025240384615384616
0 0.7283653846153846 0.19591346153846154 0.08653846153846154 0.025240384615384616
0 0.7764423076923077 0.21634615384615385 0.09735576923076923 0.025240384615384616
0 0.5216346153846154 0.24158653846153846 0.07932692307692307 0.02403846153846154
0 0.3737980769230769 0.18870192307692307 0.06850961538461539 0.02283653846153846
0 0.5973557692307693 0.23798076923076922 0.05889423076923077 0.021634615384615384
0 0.8377403846153846 0.2091346153846154 0.06971153846153846 0.021634615384615384
0 0.6105769230769231 0.22956730769230768 0.06009615384615385 0.021634615384615384
0 0.7716346153846154 0.23557692307692307 0.08173076923076923 0.020432692307692308
0 0.640625 0.21394230769230768 0.06850961538461539 0.020432692307692308
0 0.8737980769230769 0.3485576923076923 0.03365384615384615 0.016826923076923076
0 0.8365384615384616 0.3425480769230769 0.01201923076923077 0.01201923076923077
0 0.9146634615384616 0.3485576923076923 0.010817307692307692 0.010817307692307692