1 0.08413461538461539 0.8341346153846154 0.15985576923076922 0.11658653846153846
1 0.3401442307692308 0.12740384615384615 0.0985576923076923 0.1141826923076923
1 0.6706730769230769 0.8894230769230769 0.10576923076923077 0.11298076923076923
1 0.2980769230769231 0.375 0.21514423076923078 0.10336538461538461
1 0.9567307692307693 0.6586538461538461 0.08413461538461539 0.10096153846153846
1 0.49759615384615385 0.4699519230769231 0.1502403846153846 0.10096153846153846
1 0.4026442307692308 0.22115384615384615 0.16947115384615385 0.0985576923076923
1 0.055288461538461536 0.3545673076923077 0.109375 0.0985576923076923
1 0.203125 0.9423076923076923 0.11899038461538461 0.09134615384615384
1 0.06850961538461539 0.46274038461538464 0.13581730769230768 0.09254807692307693
1 0.12980769230769232 0.04326923076923077 0.18870192307692307 0.08653846153846154
1 0.27884615384615385 0.5084134615384616 0.15865384615384615 0.08653846153846154
1 0.49278846153846156 0.8161057692307693 0.12740384615384615 0.0733173076923077
1 0.5673076923076923 0.3425480769230769 0.14182692307692307 0.06490384615384616
1 0.038461538461538464 0.9663461538461539 0.07692307692307693 0.0625
1 0.7139423076923077 0.6201923076923077 0.14783653846153846 0.0625
1 0.9783653846153846 0.1778846153846154 0.038461538461538464 0.04807692307692308