3 0.5805288461538461 0.3233173076923077 0.06009615384615385 0.09014423076923077
3 0.5132211538461539 0.328125 0.056490384615384616 0.08653846153846154
3 0.9110576923076923 0.22115384615384615 0.07572115384615384 0.08173076923076923
3 0.4254807692307692 0.3269230769230769 0.055288461538461536 0.07692307692307693
3 0.3762019230769231 0.5456730769230769 0.2704326923076923 0.07451923076923077
3 0.59375 0.20432692307692307 0.028846153846153848 0.06370192307692307
3 0.47475961538461536 0.22115384615384615 0.04326923076923077 0.0625
3 0.1466346153846154 0.2932692307692308 0.078125 0.056490384615384616
3 0.5516826923076923 0.20432692307692307 0.054086538461538464 0.055288461538461536
3 0.3641826923076923 0.3449519230769231 0.0625 0.051682692307692304
3 0.7716346153846154 0.05048076923076923 0.04927884615384615 0.042067307692307696
3 0.10697115384615384 0.3629807692307692 0.07572115384615384 0.051682692307692304