0 0.4338942307692308 0.25961538461538464 0.10817307692307693 0.1875
0 0.7307692307692307 0.32211538461538464 0.171875 0.17427884615384615
0 0.4567307692307692 0.8966346153846154 0.10817307692307693 0.17067307692307693
0 0.040865384615384616 0.15504807692307693 0.07091346153846154 0.15745192307692307
0 0.4098557692307692 0.4567307692307692 0.07091346153846154 0.13701923076923078
0 0.6634615384615384 0.90625 0.09975961538461539 0.1045673076923077
0 0.35697115384615385 0.8725961538461539 0.16105769230769232 0.10216346153846154
0 0.13581730769230768 0.9483173076923077 0.0829326923076923 0.10216346153846154
0 0.18870192307692307 0.9302884615384616 0.06370192307692307 0.10216346153846154
0 0.055288461538461536 0.7163461538461539 0.042067307692307696 0.09375
0 0.3269230769230769 0.42427884615384615 0.046875 0.0829326923076923
0 0.0673076923076923 0.39903846153846156 0.046875 0.06490384615384616
0 0.0673076923076923 0.028846153846153848 0.04927884615384615 0.056490384615384616