0 0.8485576923076923 0.09254807692307693 0.3016826923076923 0.17427884615384615
0 0.7524038461538461 0.21514423076923078 0.18990384615384615 0.12740384615384615
4 0.6586538461538461 0.4567307692307692 0.34615384615384615 0.10697115384615384
0 0.6105769230769231 0.2127403846153846 0.12860576923076922 0.09975961538461539
0 0.65625 0.859375 0.30649038461538464 0.09975961538461539
0 0.5372596153846154 0.31009615384615385 0.04807692307692308 0.09615384615384616
0 0.6442307692307693 0.29927884615384615 0.037259615384615384 0.08774038461538461
4 0.32091346153846156 0.7560096153846154 0.14423076923076922 0.0829326923076923
4 0.37259615384615385 0.6165865384615384 0.2439903846153846 0.08173076923076923
4 0.4735576923076923 0.5228365384615384 0.24278846153846154 0.08052884615384616
0 0.9735576923076923 0.27403846153846156 0.051682692307692304 0.07572115384615384
0 0.5276442307692307 0.8197115384615384 0.21514423076923078 0.07572115384615384
0 0.5420673076923077 0.4074519230769231 0.09615384615384616 0.06490384615384616
0 0.6045673076923077 0.38221153846153844 0.0673076923076923 0.06009615384615385
0 0.8185096153846154 0.46033653846153844 0.09495192307692307 0.057692307692307696
0 0.4326923076923077 0.38100961538461536 0.09495192307692307 0.04927884615384615
0 0.6947115384615384 0.3798076923076923 0.17427884615384615 0.04927884615384615
0 0.5540865384615384 0.37740384615384615 0.05048076923076923 0.04807692307692308
0 0.9471153846153846 0.4723557692307692 0.10336538461538461 0.037259615384615384
0 0.6694711538461539 0.4266826923076923 0.06129807692307692 0.030048076923076924
0 0.7139423076923077 0.41466346153846156 0.06971153846153846 0.030048076923076924
0 0.7163461538461539 0.4411057692307692 0.06490384615384616 0.027644230769230768
0 0.7512019230769231 0.46033653846153844 0.06009615384615385 0.026442307692307692
0 0.7800480769230769 0.4831730769230769 0.051682692307692304 0.026442307692307692
0 0.8569711538461539 0.4579326923076923 0.08052884615384616 0.038461538461538464