0 0.578125 0.39302884615384615 0.0733173076923077 0.2536057692307692
0 0.19110576923076922 0.10216346153846154 0.38221153846153844 0.17067307692307693
0 0.8641826923076923 0.7391826923076923 0.2692307692307692 0.12379807692307693
0 0.19591346153846154 0.7403846153846154 0.3870192307692308 0.1141826923076923
0 0.5841346153846154 0.8653846153846154 0.4098557692307692 0.11177884615384616
0 0.8401442307692307 0.17908653846153846 0.31850961538461536 0.109375
0 0.20552884615384615 0.49759615384615385 0.4098557692307692 0.1045673076923077
0 0.10336538461538461 0.2247596153846154 0.20552884615384615 0.10096153846153846
0 0.36778846153846156 0.6262019230769231 0.3269230769230769 0.10096153846153846
0 0.8762019230769231 0.34375 0.24519230769230768 0.09375
0 0.8413461538461539 0.06850961538461539 0.3161057692307692 0.09134615384615384
0 0.5060096153846154 0.04447115384615385 0.3389423076923077 0.0889423076923077
0 0.7836538461538461 0.2608173076923077 0.3125 0.08413461538461539
0 0.5817307692307693 0.42788461538461536 0.3485576923076923 0.0829326923076923
0 0.9026442307692307 0.9603365384615384 0.18990384615384615 0.07451923076923077
0 0.2127403846153846 0.9711538461538461 0.4254807692307692 0.052884615384615384