1 0.5649038461538461 0.22596153846153846 0.25721153846153844 0.18990384615384615
1 0.3737980769230769 0.23197115384615385 0.17307692307692307 0.1622596153846154
1 0.17908653846153846 0.90625 0.32091346153846156 0.15745192307692307
1 0.09975961538461539 0.6382211538461539 0.1875 0.13942307692307693
1 0.34134615384615385 0.6141826923076923 0.24158653846153846 0.12620192307692307
1 0.171875 0.05889423076923077 0.30288461538461536 0.11658653846153846
1 0.38100961538461536 0.8076923076923077 0.20673076923076922 0.11658653846153846
1 0.7740384615384616 0.6778846153846154 0.23317307692307693 0.11538461538461539
1 0.9711538461538461 0.7487980769230769 0.052884615384615384 0.10817307692307693
1 0.9387019230769231 0.9074519230769231 0.11778846153846154 0.08413461538461539
1 0.9663461538461539 0.6622596153846154 0.06490384615384616 0.06610576923076923