0 0.390625 0.8509615384615384 0.07451923076923077 0.0889423076923077
0 0.35336538461538464 0.7872596153846154 0.06009615384615385 0.09254807692307693
0 0.3329326923076923 0.7536057692307693 0.054086538461538464 0.09615384615384616
0 0.28966346153846156 0.7175480769230769 0.030048076923076924 0.07932692307692307
0 0.46153846153846156 0.7415865384615384 0.0673076923076923 0.09975961538461539
0 0.49158653846153844 0.6682692307692307 0.05889423076923077 0.08653846153846154
0 0.4170673076923077 0.6802884615384616 0.06850961538461539 0.09014423076923077
0 0.38822115384615385 0.7199519230769231 0.04567307692307692 0.04927884615384615
0 0.4891826923076923 0.5408653846153846 0.07211538461538461 0.10096153846153846
0 0.5576923076923077 0.390625 0.0889423076923077 0.1346153846153846
0 0.5096153846153846 0.4266826923076923 0.057692307692307696 0.0625
0 0.39302884615384615 0.4675480769230769 0.0673076923076923 0.05889423076923077
0 0.4326923076923077 0.37740384615384615 0.052884615384615384 0.078125
0 0.4026442307692308 0.33413461538461536 0.06610576923076923 0.08173076923076923
0 0.5384615384615384 0.18990384615384615 0.06009615384615385 0.09975961538461539
0 0.484375 0.09134615384615384 0.07932692307692307 0.17307692307692307
0 0.4411057692307692 0.78125 0.057692307692307696 0.02403846153846154
0 0.48677884615384615 0.34975961538461536 0.06850961538461539 0.04927884615384615
0 0.5048076923076923 0.140625 0.04447115384615385 0.0733173076923077