2 0.5180288461538461 0.6574519230769231 0.29927884615384615 0.19951923076923078
2 0.5336538461538461 0.46153846153846156 0.04927884615384615 0.0889423076923077
2 0.6298076923076923 0.46153846153846156 0.039663461538461536 0.08533653846153846
2 0.37740384615384615 0.5120192307692307 0.04326923076923077 0.06850961538461539
2 0.8161057692307693 0.42788461538461536 0.037259615384615384 0.06850961538461539
2 0.59375 0.46875 0.03125 0.06129807692307692
2 0.47475961538461536 0.484375 0.036057692307692304 0.06129807692307692
2 0.46033653846153844 0.48197115384615385 0.02403846153846154 0.052884615384615384
2 0.7463942307692307 0.4495192307692308 0.02403846153846154 0.051682692307692304
2 0.7379807692307693 0.4411057692307692 0.02403846153846154 0.04807692307692308
2 0.6790865384615384 0.4699519230769231 0.013221153846153846 0.037259615384615384
2 0.7019230769230769 0.4699519230769231 0.02403846153846154 0.030048076923076924
2 0.8293269230769231 0.3918269230769231 0.025240384615384616 0.04927884615384615