0 0.8617788461538461 0.5733173076923077 0.10817307692307693 0.052884615384615384
0 0.8521634615384616 0.5444711538461539 0.04567307692307692 0.06009615384615385
0 0.7776442307692307 0.33653846153846156 0.056490384615384616 0.06850961538461539
0 0.9399038461538461 0.38461538461538464 0.07211538461538461 0.04447115384615385
0 0.8870192307692307 0.41586538461538464 0.04447115384615385 0.054086538461538464
0 0.6358173076923077 0.4110576923076923 0.09254807692307693 0.06129807692307692
0 0.5637019230769231 0.4483173076923077 0.10697115384615384 0.15625
0 0.6418269230769231 0.5120192307692307 0.038461538461538464 0.06850961538461539
0 0.5132211538461539 0.453125 0.0985576923076923 0.06009615384615385
0 0.4074519230769231 0.41466346153846156 0.09375 0.042067307692307696
0 0.4387019230769231 0.3858173076923077 0.07091346153846154 0.04927884615384615
0 0.41225961538461536 0.35216346153846156 0.06129807692307692 0.046875
0 0.3076923076923077 0.359375 0.08774038461538461 0.04447115384615385
0 0.2980769230769231 0.31850961538461536 0.078125 0.056490384615384616
0 0.4423076923076923 0.4951923076923077 0.0733173076923077 0.04447115384615385
0 0.5637019230769231 0.5685096153846154 0.0733173076923077 0.06490384615384616
0 0.6947115384615384 0.671875 0.0733173076923077 0.038461538461538464
0 0.6286057692307693 0.6971153846153846 0.06490384615384616 0.05048076923076923
0 0.5817307692307693 0.640625 0.052884615384615384 0.057692307692307696
0 0.3317307692307692 0.6237980769230769 0.06370192307692307 0.054086538461538464
0 0.2920673076923077 0.5120192307692307 0.0673076923076923 0.04447115384615385
0 0.2800480769230769 0.4699519230769231 0.078125 0.0673076923076923
0 0.9338942307692307 0.9639423076923077 0.08173076923076923 0.04326923076923077
0 0.8966346153846154 0.921875 0.109375 0.07932692307692307
0 0.7800480769230769 0.9230769230769231 0.09615384615384616 0.07692307692307693
0 0.7055288461538461 0.8798076923076923 0.10336538461538461 0.06370192307692307
0 0.15384615384615385 0.5360576923076923 0.06129807692307692 0.0829326923076923
0 0.04447115384615385 0.4855769230769231 0.08533653846153846 0.06850961538461539
0 0.06850961538461539 0.43149038461538464 0.0889423076923077 0.054086538461538464
0 0.2247596153846154 0.46634615384615385 0.04567307692307692 0.051682692307692304
0 0.16105769230769232 0.453125 0.037259615384615384 0.03485576923076923
0 0.15144230769230768 0.3954326923076923 0.057692307692307696 0.026442307692307692
0 0.0985576923076923 0.39302884615384615 0.055288461538461536 0.028846153846153848
0 0.054086538461538464 0.3858173076923077 0.052884615384615384 0.039663461538461536
0 0.12379807692307693 0.33653846153846156 0.06610576923076923 0.040865384615384616
0 0.19110576923076922 0.33413461538461536 0.057692307692307696 0.052884615384615384
0 0.13701923076923078 0.29086538461538464 0.08173076923076923 0.052884615384615384
0 0.07451923076923077 0.28966346153846156 0.051682692307692304 0.03125
0 0.7475961538461539 0.6478365384615384 0.028846153846153848 0.054086538461538464
0 0.35336538461538464 0.3485576923076923 0.046875 0.025240384615384616
0 0.036057692307692304 0.23798076923076922 0.07211538461538461 0.09495192307692307
0 0.020432692307692308 0.3605769230769231 0.040865384615384616 0.08173076923076923
0 0.4375 0.27524038461538464 0.037259615384615384 0.040865384615384616
0 0.5252403846153846 0.33413461538461536 0.037259615384615384 0.018028846153846152