2 0.5420673076923077 0.49759615384615385 0.2127403846153846 0.11177884615384616
2 0.06009615384615385 0.3076923076923077 0.11899038461538461 0.11177884615384616
2 0.8569711538461539 0.26322115384615385 0.10216346153846154 0.08774038461538461
2 0.22716346153846154 0.2283653846153846 0.07572115384615384 0.05889423076923077
2 0.6165865384615384 0.203125 0.03485576923076923 0.051682692307692304
2 0.3894230769230769 0.22956730769230768 0.056490384615384616 0.04927884615384615
2 0.5985576923076923 0.21634615384615385 0.04326923076923077 0.04567307692307692
2 0.5528846153846154 0.22716346153846154 0.04326923076923077 0.040865384615384616
2 0.46875 0.23076923076923078 0.06610576923076923 0.040865384615384616
2 0.6911057692307693 0.22235576923076922 0.019230769230769232 0.036057692307692304
2 0.32211538461538464 0.23317307692307693 0.055288461538461536 0.036057692307692304
2 0.7524038461538461 0.2127403846153846 0.025240384615384616 0.030048076923076924
2 0.7199519230769231 0.2127403846153846 0.028846153846153848 0.030048076923076924
2 0.9230769230769231 0.21394230769230768 0.021634615384615384 0.026442307692307692
2 0.7860576923076923 0.2247596153846154 0.03365384615384615 0.026442307692307692
2 0.9855769230769231 0.2283653846153846 0.025240384615384616 0.020432692307692308