0 0.8329326923076923 0.7451923076923077 0.018028846153846152 0.055288461538461536
0 0.5348557692307693 0.421875 0.015625 0.046875
0 0.5769230769230769 0.7896634615384616 0.030048076923076924 0.042067307692307696
0 0.8353365384615384 0.8774038461538461 0.013221153846153846 0.042067307692307696
0 0.671875 0.2920673076923077 0.02403846153846154 0.042067307692307696
0 0.6322115384615384 0.8040865384615384 0.018028846153846152 0.042067307692307696
0 0.6081730769230769 0.296875 0.025240384615384616 0.042067307692307696
0 0.6105769230769231 0.8521634615384616 0.016826923076923076 0.038461538461538464
0 0.6057692307692307 0.40865384615384615 0.019230769230769232 0.037259615384615384
0 0.5745192307692307 0.2956730769230769 0.03365384615384615 0.036057692307692304
0 0.2668269230769231 0.33413461538461536 0.052884615384615384 0.036057692307692304
0 0.7548076923076923 0.8737980769230769 0.03125 0.03365384615384615
0 0.5228365384615384 0.37740384615384615 0.020432692307692308 0.03245192307692308
0 0.7668269230769231 0.8161057692307693 0.04927884615384615 0.03245192307692308
0 0.35697115384615385 0.3233173076923077 0.015625 0.03125
0 0.5673076923076923 0.359375 0.016826923076923076 0.03125
0 0.8786057692307693 0.5973557692307693 0.03245192307692308 0.03125
0 0.4639423076923077 0.22956730769230768 0.025240384615384616 0.03125
0 0.8677884615384616 0.7415865384615384 0.042067307692307696 0.027644230769230768
0 0.8449519230769231 0.9074519230769231 0.016826923076923076 0.025240384615384616
4 0.5420673076923077 0.13822115384615385 0.06610576923076923 0.025240384615384616
0 0.7680288461538461 0.7992788461538461 0.021634615384615384 0.02283653846153846
0 0.8161057692307693 0.5096153846153846 0.02283653846153846 0.021634615384615384
0 0.03245192307692308 0.36658653846153844 0.018028846153846152 0.021634615384615384
0 0.06850961538461539 0.3870192307692308 0.015625 0.020432692307692308
0 0.49278846153846156 0.4254807692307692 0.030048076923076924 0.020432692307692308
0 0.5612980769230769 0.44471153846153844 0.008413461538461538 0.020432692307692308
0 0.03365384615384615 0.4579326923076923 0.037259615384615384 0.019230769230769232
0 0.765625 0.5144230769230769 0.018028846153846152 0.019230769230769232
0 0.8149038461538461 0.9014423076923077 0.025240384615384616 0.018028846153846152
0 0.46153846153846156 0.4675480769230769 0.028846153846153848 0.018028846153846152
0 0.5204326923076923 0.40865384615384615 0.021634615384615384 0.018028846153846152
0 0.6694711538461539 0.5 0.018028846153846152 0.018028846153846152
0 0.8497596153846154 0.5192307692307693 0.02403846153846154 0.018028846153846152
0 0.5456730769230769 0.5084134615384616 0.020432692307692308 0.018028846153846152
0 0.03245192307692308 0.47836538461538464 0.03485576923076923 0.018028846153846152
0 0.6730769230769231 0.40384615384615385 0.013221153846153846 0.018028846153846152
0 0.3629807692307692 0.22596153846153846 0.040865384615384616 0.016826923076923076
0 0.4651442307692308 0.4423076923076923 0.015625 0.015625
0 0.3125 0.19591346153846154 0.014423076923076924 0.015625
0 0.40024038461538464 0.19831730769230768 0.013221153846153846 0.015625
0 0.7007211538461539 0.5192307692307693 0.014423076923076924 0.014423076923076924
0 0.31009615384615385 0.3389423076923077 0.018028846153846152 0.013221153846153846
0 0.4266826923076923 0.2776442307692308 0.016826923076923076 0.01201923076923077
0 0.34134615384615385 0.24278846153846154 0.009615384615384616 0.010817307692307692