0 0.21394230769230768 0.22115384615384615 0.42788461538461536 0.2403846153846154
4 0.7259615384615384 0.6598557692307693 0.4098557692307692 0.23557692307692307
0 0.453125 0.4230769230769231 0.40024038461538464 0.17307692307692307
0 0.21394230769230768 0.06971153846153846 0.12379807692307693 0.13822115384615385
0 0.9519230769230769 0.38822115384615385 0.09375 0.11778846153846154
0 0.019230769230769232 0.5516826923076923 0.038461538461538464 0.11538461538461539
0 0.1814903846153846 0.38341346153846156 0.10576923076923077 0.10336538461538461
4 0.3076923076923077 0.7536057692307693 0.22355769230769232 0.09014423076923077
0 0.042067307692307696 0.4026442307692308 0.08413461538461539 0.07932692307692307
0 0.06009615384615385 0.2644230769230769 0.1201923076923077 0.06610576923076923
0 0.056490384615384616 0.5168269230769231 0.11298076923076923 0.06129807692307692