0 0.5997596153846154 0.25961538461538464 0.4387019230769231 0.22115384615384615
4 0.3004807692307692 0.078125 0.5997596153846154 0.15504807692307693
0 0.44711538461538464 0.36778846153846156 0.09014423076923077 0.08653846153846154
0 0.2512019230769231 0.8389423076923077 0.18028846153846154 0.06971153846153846
4 0.5600961538461539 0.6995192307692307 0.17067307692307693 0.0625
4 0.47115384615384615 0.6514423076923077 0.12980769230769232 0.06129807692307692
0 0.32091346153846156 0.42908653846153844 0.13341346153846154 0.052884615384615384
0 0.3173076923076923 0.46875 0.0625 0.051682692307692304
0 0.34375 0.3858173076923077 0.109375 0.04927884615384615
0 0.4074519230769231 0.47836538461538464 0.09134615384615384 0.04807692307692308
0 0.039663461538461536 0.44591346153846156 0.07932692307692307 0.04567307692307692
0 0.03485576923076923 0.5432692307692307 0.06971153846153846 0.04447115384615385
0 0.05048076923076923 0.6213942307692307 0.10096153846153846 0.04567307692307692
0 0.22716346153846154 0.41947115384615385 0.10096153846153846 0.04326923076923077
0 0.11538461538461539 0.4495192307692308 0.11538461538461539 0.042067307692307696
0 0.16947115384615385 0.515625 0.09495192307692307 0.042067307692307696
0 0.21153846153846154 0.45552884615384615 0.09014423076923077 0.039663461538461536
0 0.4675480769230769 0.4326923076923077 0.11057692307692307 0.036057692307692304
0 0.32091346153846156 0.4963942307692308 0.07451923076923077 0.03365384615384615