0 0.5492788461538461 0.5048076923076923 0.13701923076923078 0.056490384615384616
0 0.9507211538461539 0.5432692307692307 0.09735576923076923 0.06610576923076923
0 0.38822115384615385 0.3293269230769231 0.13221153846153846 0.05889423076923077
0 0.7331730769230769 0.2536057692307692 0.15144230769230768 0.06610576923076923
0 0.46875 0.21634615384615385 0.11778846153846154 0.056490384615384616
0 0.2776442307692308 0.2247596153846154 0.09735576923076923 0.046875
0 0.3329326923076923 0.23798076923076922 0.06610576923076923 0.052884615384615384
0 0.24158653846153846 0.24639423076923078 0.0673076923076923 0.04567307692307692
0 0.7752403846153846 0.12139423076923077 0.09254807692307693 0.03245192307692308
0 0.2439903846153846 0.14182692307692307 0.057692307692307696 0.038461538461538464
0 0.7668269230769231 0.07451923076923077 0.09014423076923077 0.03245192307692308
0 0.6995192307692307 0.04326923076923077 0.0673076923076923 0.04326923076923077
0 0.34975961538461536 0.4170673076923077 0.0733173076923077 0.07211538461538461
0 0.3870192307692308 0.20072115384615385 0.06610576923076923 0.04447115384615385
0 0.5132211538461539 0.12740384615384615 0.054086538461538464 0.04567307692307692
0 0.9663461538461539 0.13581730769230768 0.06610576923076923 0.09735576923076923