0 0.7776442307692307 0.15504807692307693 0.43990384615384615 0.31009615384615385
0 0.3269230769230769 0.7139423076923077 0.5841346153846154 0.15264423076923078
0 0.8569711538461539 0.3112980769230769 0.13822115384615385 0.09975961538461539
4 0.8798076923076923 0.6069711538461539 0.17427884615384615 0.07091346153846154
0 0.6598557692307693 0.4987980769230769 0.07211538461538461 0.06971153846153846
4 0.7560096153846154 0.7127403846153846 0.08052884615384616 0.04807692307692308
0 0.38822115384615385 0.5456730769230769 0.19230769230769232 0.04567307692307692
4 0.7572115384615384 0.6610576923076923 0.13701923076923078 0.04447115384615385
0 0.9555288461538461 0.5180288461538461 0.08413461538461539 0.04567307692307692
0 0.08052884615384616 0.8557692307692307 0.09014423076923077 0.039663461538461536
0 0.18269230769230768 0.5240384615384616 0.11298076923076923 0.038461538461538464
0 0.8545673076923077 0.5360576923076923 0.1141826923076923 0.03485576923076923
0 0.49759615384615385 0.5973557692307693 0.11778846153846154 0.03125
0 0.6081730769230769 0.5973557692307693 0.07211538461538461 0.03125
0 0.4362980769230769 0.6237980769230769 0.12860576923076922 0.03125
0 0.6670673076923077 0.6009615384615384 0.05048076923076923 0.030048076923076924
0 0.27403846153846156 0.6370192307692307 0.11057692307692307 0.030048076923076924
0 0.10096153846153846 0.8377403846153846 0.10216346153846154 0.025240384615384616
0 0.35216346153846156 0.5949519230769231 0.1201923076923077 0.025240384615384616
0 0.5625 0.6177884615384616 0.09254807692307693 0.02403846153846154
0 0.24158653846153846 0.6177884615384616 0.10096153846153846 0.02403846153846154
0 0.15985576923076922 0.6262019230769231 0.11177884615384616 0.02283653846153846
6 0.5637019230769231 0.953125 0.11298076923076923 0.020432692307692308
0 0.078125 0.6490384615384616 0.08653846153846154 0.020432692307692308
0 0.5024038461538461 0.6262019230769231 0.06971153846153846 0.020432692307692308
0 0.015625 0.6490384615384616 0.03125 0.018028846153846152
0 0.3389423076923077 0.6201923076923077 0.06610576923076923 0.018028846153846152
0 0.13581730769230768 0.6430288461538461 0.06370192307692307 0.013221153846153846