1 0.8173076923076923 0.6586538461538461 0.20072115384615385 0.11057692307692307
1 0.578125 0.5961538461538461 0.2704326923076923 0.10096153846153846
1 0.1778846153846154 0.7487980769230769 0.10817307692307693 0.08052884615384616
1 0.39663461538461536 0.640625 0.18870192307692307 0.07932692307692307
1 0.3425480769230769 0.8269230769230769 0.12620192307692307 0.0733173076923077
1 0.3401442307692308 0.6069711538461539 0.23197115384615385 0.0673076923076923
1 0.29086538461538464 0.7331730769230769 0.10817307692307693 0.06009615384615385
1 0.71875 0.47836538461538464 0.15264423076923078 0.051682692307692304
1 0.9567307692307693 0.5324519230769231 0.07451923076923077 0.040865384615384616
1 0.8641826923076923 0.3401442307692308 0.0889423076923077 0.036057692307692304
1 0.054086538461538464 0.65625 0.10697115384615384 0.03245192307692308
1 0.9495192307692307 0.6923076923076923 0.08413461538461539 0.028846153846153848
1 0.17067307692307693 0.6754807692307693 0.1622596153846154 0.04807692307692308