0 0.1346153846153846 0.21153846153846154 0.09975961538461539 0.08052884615384616
4 0.06129807692307692 0.359375 0.12139423076923077 0.06971153846153846
6 0.6526442307692307 0.5120192307692307 0.1814903846153846 0.0625
4 0.27524038461538464 0.0829326923076923 0.09014423076923077 0.0625
4 0.052884615384615384 0.07572115384615384 0.10216346153846154 0.06129807692307692
0 0.22596153846153846 0.03125 0.13822115384615385 0.052884615384615384
0 0.5096153846153846 0.07451923076923077 0.04807692307692308 0.05048076923076923
0 0.19230769230769232 0.40384615384615385 0.06129807692307692 0.04927884615384615
6 0.25961538461538464 0.4831730769230769 0.14423076923076922 0.046875
0 0.3894230769230769 0.08533653846153846 0.09134615384615384 0.04447115384615385
0 0.22716346153846154 0.026442307692307692 0.0985576923076923 0.040865384615384616
0 0.5408653846153846 0.17427884615384615 0.07932692307692307 0.039663461538461536
0 0.40384615384615385 0.19230769230769232 0.056490384615384616 0.038461538461538464
0 0.6081730769230769 0.18509615384615385 0.06490384615384616 0.038461538461538464
0 0.4795673076923077 0.1141826923076923 0.06850961538461539 0.038461538461538464
0 0.3918269230769231 0.11538461538461539 0.0733173076923077 0.036057692307692304
0 0.42427884615384615 0.040865384615384616 0.09975961538461539 0.03365384615384615
0 0.8137019230769231 0.09615384615384616 0.10817307692307693 0.03365384615384615
0 0.6610576923076923 0.08173076923076923 0.0985576923076923 0.03245192307692308
0 0.9098557692307693 0.09735576923076923 0.057692307692307696 0.03245192307692308
0 0.6550480769230769 0.14423076923076922 0.09254807692307693 0.03245192307692308
0 0.49278846153846156 0.039663461538461536 0.06971153846153846 0.03125
0 0.5805288461538461 0.10216346153846154 0.08774038461538461 0.03125
0 0.8317307692307693 0.18629807692307693 0.1045673076923077 0.03125
0 0.171875 0.43990384615384615 0.038461538461538464 0.03125
0 0.8918269230769231 0.1346153846153846 0.06610576923076923 0.030048076923076924
0 0.7331730769230769 0.13822115384615385 0.06971153846153846 0.028846153846153848
0 0.7704326923076923 0.16947115384615385 0.1045673076923077 0.028846153846153848
0 0.5456730769230769 0.3449519230769231 0.06490384615384616 0.027644230769230768
0 0.6658653846153846 0.10336538461538461 0.09735576923076923 0.02403846153846154