0 0.3233173076923077 0.0889423076923077 0.13942307692307693 0.1778846153846154
0 0.19951923076923078 0.08052884615384616 0.09014423076923077 0.16105769230769232
0 0.5432692307692307 0.18389423076923078 0.16346153846153846 0.15264423076923078
4 0.5961538461538461 0.5336538461538461 0.14783653846153846 0.14783653846153846
0 0.2127403846153846 0.2932692307692308 0.06971153846153846 0.08052884615384616
4 0.3317307692307692 0.6177884615384616 0.11177884615384616 0.07572115384615384
0 0.3173076923076923 0.3894230769230769 0.10576923076923077 0.06971153846153846
0 0.078125 0.3942307692307692 0.07451923076923077 0.0673076923076923
0 0.030048076923076924 0.453125 0.06009615384615385 0.06009615384615385
0 0.10096153846153846 0.3233173076923077 0.1141826923076923 0.055288461538461536
0 0.39903846153846156 0.359375 0.16947115384615385 0.054086538461538464
0 0.12259615384615384 0.44350961538461536 0.0733173076923077 0.054086538461538464
0 0.039663461538461536 0.3870192307692308 0.07692307692307693 0.04807692307692308
0 0.15745192307692307 0.36899038461538464 0.09014423076923077 0.040865384615384616
0 0.25721153846153844 0.31009615384615385 0.0985576923076923 0.03485576923076923
0 0.29086538461538464 0.27884615384615385 0.08173076923076923 0.03365384615384615