1 0.3125 0.28365384615384615 0.0985576923076923 0.06490384615384616
1 0.39783653846153844 0.34375 0.10096153846153846 0.055288461538461536
1 0.7151442307692307 0.30408653846153844 0.11298076923076923 0.04927884615384615
1 0.6935096153846154 0.6838942307692307 0.08413461538461539 0.046875
1 0.6526442307692307 0.36658653846153844 0.12259615384615384 0.04567307692307692
1 0.1622596153846154 0.46033653846153844 0.08173076923076923 0.04567307692307692
1 0.5252403846153846 0.09615384615384616 0.1045673076923077 0.04447115384615385
1 0.9375 0.18028846153846154 0.11899038461538461 0.04326923076923077
1 0.1201923076923077 0.31971153846153844 0.08653846153846154 0.04326923076923077
1 0.6165865384615384 0.2980769230769231 0.06610576923076923 0.04326923076923077
1 0.8449519230769231 0.65625 0.06850961538461539 0.04326923076923077
1 0.8088942307692307 0.8040865384615384 0.09014423076923077 0.042067307692307696
1 0.11177884615384616 0.6033653846153846 0.09615384615384616 0.038461538461538464
1 0.11177884615384616 0.5540865384615384 0.09375 0.038461538461538464
1 0.27884615384615385 0.9567307692307693 0.055288461538461536 0.037259615384615384
1 0.46033653846153844 0.8677884615384616 0.0625 0.03485576923076923
1 0.37259615384615385 0.22115384615384615 0.08173076923076923 0.03485576923076923
1 0.9459134615384616 0.7211538461538461 0.037259615384615384 0.03485576923076923
1 0.9002403846153846 0.7620192307692307 0.04326923076923077 0.03485576923076923
1 0.9879807692307693 0.21514423076923078 0.02283653846153846 0.03485576923076923
1 0.9314903846153846 0.31009615384615385 0.07091346153846154 0.03365384615384615
1 0.39663461538461536 0.5120192307692307 0.07451923076923077 0.030048076923076924
1 0.5709134615384616 0.42908653846153844 0.07932692307692307 0.030048076923076924
1 0.5649038461538461 0.9855769230769231 0.08774038461538461 0.027644230769230768
1 0.06971153846153846 0.40625 0.10576923076923077 0.025240384615384616
1 0.4519230769230769 0.007211538461538462 0.08052884615384616 0.014423076923076924