0 0.3713942307692308 0.5925480769230769 0.30649038461538464 0.14903846153846154
0 0.5913461538461539 0.5552884615384616 0.2860576923076923 0.13822115384615385
0 0.5324519230769231 0.33052884615384615 0.15865384615384615 0.1310096153846154
0 0.5733173076923077 0.42788461538461536 0.1875 0.12620192307692307
0 0.8389423076923077 0.6201923076923077 0.18269230769230768 0.11778846153846154
0 0.09375 0.5144230769230769 0.18389423076923078 0.11538461538461539
0 0.3076923076923077 0.4639423076923077 0.12139423076923077 0.11057692307692307
0 0.37740384615384615 0.3954326923076923 0.15384615384615385 0.10216346153846154
0 0.8521634615384616 0.3701923076923077 0.16826923076923078 0.10216346153846154
0 0.7463942307692307 0.34975961538461536 0.13221153846153846 0.10096153846153846
0 0.14302884615384615 0.43149038461538464 0.15985576923076922 0.10096153846153846
0 0.8064903846153846 0.4651442307692308 0.22115384615384615 0.09495192307692307
0 0.9399038461538461 0.3557692307692308 0.11899038461538461 0.09134615384615384
0 0.8545673076923077 0.5276442307692307 0.19591346153846154 0.08774038461538461
0 0.2920673076923077 0.30649038461538464 0.09975961538461539 0.08774038461538461
0 0.6069711538461539 0.3076923076923077 0.1346153846153846 0.08774038461538461
4 0.09615384615384616 0.1502403846153846 0.19110576923076922 0.0733173076923077
0 0.44591346153846156 0.09975961538461539 0.08653846153846154 0.038461538461538464
0 0.8942307692307693 0.0673076923076923 0.09134615384615384 0.03365384615384615
0 0.6598557692307693 0.09014423076923077 0.046875 0.02403846153846154