0 0.03485576923076923 0.22235576923076922 0.02283653846153846 0.02403846153846154
0 0.09495192307692307 0.23317307692307693 0.021634615384615384 0.02403846153846154
0 0.20793269230769232 0.31971153846153844 0.04447115384615385 0.09495192307692307
0 0.25600961538461536 0.4338942307692308 0.0625 0.078125
0 0.27163461538461536 0.4254807692307692 0.04567307692307692 0.09014423076923077
0 0.3329326923076923 0.41225961538461536 0.042067307692307696 0.078125
0 0.30288461538461536 0.546875 0.05889423076923077 0.078125
0 0.41947115384615385 0.49759615384615385 0.06610576923076923 0.0985576923076923
0 0.40024038461538464 0.5192307692307693 0.0625 0.07451923076923077
0 0.47115384615384615 0.5504807692307693 0.07932692307692307 0.09254807692307693
0 0.4831730769230769 0.46274038461538464 0.055288461538461536 0.03245192307692308
0 0.5564903846153846 0.5228365384615384 0.03485576923076923 0.07572115384615384
0 0.6598557692307693 0.5240384615384616 0.11658653846153846 0.07572115384615384
0 0.7259615384615384 0.6875 0.0733173076923077 0.1045673076923077
0 0.9122596153846154 0.7596153846153846 0.05889423076923077 0.054086538461538464
0 0.9807692307692307 0.6610576923076923 0.03365384615384615 0.07692307692307693
0 0.7524038461538461 0.3954326923076923 0.042067307692307696 0.0985576923076923
0 0.8293269230769231 0.46634615384615385 0.057692307692307696 0.09735576923076923
0 0.4579326923076923 0.5829326923076923 0.052884615384615384 0.0673076923076923