2 0.34375 0.3473557692307692 0.09735576923076923 0.10697115384615384
2 0.5288461538461539 0.5120192307692307 0.17548076923076922 0.078125
2 0.8990384615384616 0.2668269230769231 0.06009615384615385 0.056490384615384616
2 0.6742788461538461 0.27403846153846156 0.055288461538461536 0.052884615384615384
2 0.5204326923076923 0.2764423076923077 0.06490384615384616 0.052884615384615384
2 0.9170673076923077 0.24278846153846154 0.030048076923076924 0.04567307692307692
2 0.7175480769230769 0.27163461538461536 0.038461538461538464 0.04567307692307692
2 0.9939903846153846 0.2704326923076923 0.010817307692307692 0.042067307692307696
2 0.9362980769230769 0.27884615384615385 0.04567307692307692 0.040865384615384616
2 0.8485576923076923 0.27524038461538464 0.036057692307692304 0.036057692307692304
2 0.6334134615384616 0.2668269230769231 0.021634615384615384 0.027644230769230768
2 0.7692307692307693 0.28365384615384615 0.11778846153846154 0.026442307692307692
2 0.6141826923076923 0.2776442307692308 0.04927884615384615 0.018028846153846152
2 0.9519230769230769 0.2824519230769231 0.04447115384615385 0.018028846153846152
2 0.8894230769230769 0.24759615384615385 0.03125 0.015625