4 0.5432692307692307 0.1310096153846154 0.2920673076923077 0.1141826923076923
4 0.08774038461538461 0.09615384615384616 0.15745192307692307 0.08413461538461539
6 0.7175480769230769 0.4567307692307692 0.21875 0.08052884615384616
0 0.7283653846153846 0.037259615384615384 0.2932692307692308 0.07451923076923077
6 0.3545673076923077 0.5985576923076923 0.1622596153846154 0.06009615384615385
0 0.7427884615384616 0.3425480769230769 0.14543269230769232 0.05048076923076923
0 0.18870192307692307 0.02283653846153846 0.10817307692307693 0.04567307692307692
0 0.31490384615384615 0.030048076923076924 0.08052884615384616 0.04567307692307692
0 0.47716346153846156 0.43149038461538464 0.20072115384615385 0.04447115384615385
0 0.14903846153846154 0.3161057692307692 0.1502403846153846 0.042067307692307696
0 0.47836538461538464 0.04567307692307692 0.07692307692307693 0.039663461538461536
0 0.39663461538461536 0.08173076923076923 0.08774038461538461 0.038461538461538464
0 0.7908653846153846 0.10697115384615384 0.11177884615384616 0.037259615384615384
0 0.9615384615384616 0.22716346153846154 0.051682692307692304 0.036057692307692304
4 0.7956730769230769 0.17067307692307693 0.0733173076923077 0.03485576923076923
0 0.8894230769230769 0.10817307692307693 0.09134615384615384 0.03365384615384615
0 0.9651442307692307 0.10576923076923077 0.0673076923076923 0.03245192307692308
0 0.5685096153846154 0.20072115384615385 0.036057692307692304 0.03245192307692308
0 0.9278846153846154 0.13581730769230768 0.10216346153846154 0.03125
0 0.5600961538461539 0.054086538461538464 0.04927884615384615 0.03125
4 0.34134615384615385 0.3557692307692308 0.14423076923076922 0.028846153846153848
0 0.8425480769230769 0.140625 0.08173076923076923 0.027644230769230768
0 0.7295673076923077 0.1466346153846154 0.0673076923076923 0.027644230769230768
0 0.06850961538461539 0.013221153846153846 0.08774038461538461 0.026442307692307692
6 0.1778846153846154 0.41466346153846156 0.11538461538461539 0.025240384615384616
6 0.5649038461538461 0.35697115384615385 0.078125 0.020432692307692308
0 0.8918269230769231 0.22716346153846154 0.04927884615384615 0.019230769230769232
0 0.9879807692307693 0.23557692307692307 0.021634615384615384 0.019230769230769232