0 0.41346153846153844 0.10817307692307693 0.2620192307692308 0.13581730769230768
0 0.25841346153846156 0.15384615384615385 0.16706730769230768 0.13221153846153846
0 0.19951923076923078 0.2283653846153846 0.16105769230769232 0.12259615384615384
0 0.8425480769230769 0.3473557692307692 0.3137019230769231 0.1045673076923077
0 0.14302884615384615 0.04567307692307692 0.1502403846153846 0.09134615384615384
4 0.49278846153846156 0.5228365384615384 0.18509615384615385 0.08774038461538461
0 0.1045673076923077 0.21634615384615385 0.13942307692307693 0.07932692307692307
0 0.3485576923076923 0.28365384615384615 0.140625 0.07572115384615384
4 0.7163461538461539 0.5012019230769231 0.24639423076923078 0.07091346153846154
0 0.1971153846153846 0.22115384615384615 0.15384615384615385 0.06129807692307692
0 0.5913461538461539 0.36778846153846156 0.22596153846153846 0.05889423076923077
0 0.020432692307692308 0.23557692307692307 0.040865384615384616 0.057692307692307696
0 0.8233173076923077 0.2403846153846154 0.18028846153846154 0.055288461538461536
0 0.5420673076923077 0.2692307692307692 0.17307692307692307 0.051682692307692304
0 0.6033653846153846 0.28846153846153844 0.16706730769230768 0.04927884615384615
0 0.8930288461538461 0.30408653846153844 0.2127403846153846 0.04326923076923077
0 0.3737980769230769 0.29927884615384615 0.20432692307692307 0.042067307692307696
0 0.8725961538461539 0.25721153846153844 0.14903846153846154 0.037259615384615384
4 0.8918269230769231 0.5456730769230769 0.21153846153846154 0.07091346153846154