2 0.5108173076923077 0.49399038461538464 0.2848557692307692 0.14783653846153846
2 0.8221153846153846 0.30528846153846156 0.040865384615384616 0.09615384615384616
2 0.1622596153846154 0.3713942307692308 0.038461538461538464 0.0889423076923077
2 0.9771634615384616 0.29086538461538464 0.04447115384615385 0.08774038461538461
2 0.578125 0.31971153846153844 0.06490384615384616 0.06971153846153846
2 0.8846153846153846 0.30649038461538464 0.04326923076923077 0.06971153846153846
2 0.04567307692307692 0.34375 0.0625 0.056490384615384616
2 0.21634615384615385 0.3293269230769231 0.03365384615384615 0.054086538461538464
2 0.17307692307692307 0.33413461538461536 0.036057692307692304 0.04927884615384615
2 0.25721153846153844 0.2980769230769231 0.02283653846153846 0.04326923076923077
2 0.8725961538461539 0.4795673076923077 0.25240384615384615 0.16706730769230768