2 0.7175480769230769 0.6177884615384616 0.07572115384615384 0.08052884615384616
2 0.29086538461538464 0.5564903846153846 0.04326923076923077 0.056490384615384616
2 0.1466346153846154 0.5600961538461539 0.04447115384615385 0.054086538461538464
2 0.18870192307692307 0.5612980769230769 0.030048076923076924 0.04807692307692308
2 0.0673076923076923 0.5637019230769231 0.07692307692307693 0.04807692307692308
2 0.22115384615384615 0.5600961538461539 0.025240384615384616 0.046875
2 0.39903846153846156 0.5240384615384616 0.05889423076923077 0.04567307692307692
2 0.6153846153846154 0.4831730769230769 0.042067307692307696 0.04326923076923077
2 0.09375 0.546875 0.05048076923076923 0.040865384615384616
2 0.33774038461538464 0.5264423076923077 0.030048076923076924 0.037259615384615384
2 0.04807692307692308 0.5300480769230769 0.037259615384615384 0.036057692307692304
2 0.7283653846153846 0.4795673076923077 0.040865384615384616 0.03125
2 0.24759615384615385 0.5697115384615384 0.05048076923076923 0.028846153846153848
2 0.5276442307692307 0.546875 0.039663461538461536 0.02403846153846154
2 0.013221153846153846 0.5528846153846154 0.026442307692307692 0.018028846153846152
2 0.7872596153846154 0.7451923076923077 0.2800480769230769 0.07451923076923077