0 0.47836538461538464 0.5180288461538461 0.4831730769230769 0.33052884615384615
0 0.3954326923076923 0.1045673076923077 0.2091346153846154 0.2091346153846154
0 0.8713942307692307 0.7175480769230769 0.16826923076923078 0.18629807692307693
0 0.8221153846153846 0.5661057692307693 0.1346153846153846 0.14423076923076922
0 0.9254807692307693 0.5408653846153846 0.09254807692307693 0.12379807692307693
0 0.9206730769230769 0.4375 0.15745192307692307 0.11298076923076923
0 0.9495192307692307 0.7956730769230769 0.09975961538461539 0.07692307692307693
0 0.7884615384615384 0.9158653846153846 0.06971153846153846 0.06370192307692307
0 0.875 0.8713942307692307 0.0985576923076923 0.0625
0 0.2848557692307692 0.8473557692307693 0.07692307692307693 0.051682692307692304
0 0.7439903846153846 0.7860576923076923 0.07451923076923077 0.051682692307692304
0 0.6790865384615384 0.7788461538461539 0.05048076923076923 0.051682692307692304
0 0.484375 0.9158653846153846 0.14543269230769232 0.04927884615384615
0 0.4014423076923077 0.8449519230769231 0.09254807692307693 0.04567307692307692
0 0.6382211538461539 0.8605769230769231 0.07932692307692307 0.04447115384615385
0 0.15745192307692307 0.90625 0.11538461538461539 0.04326923076923077
0 0.036057692307692304 0.9254807692307693 0.07211538461538461 0.042067307692307696
0 0.5504807692307693 0.8185096153846154 0.09495192307692307 0.042067307692307696
0 0.7692307692307693 0.7439903846153846 0.04927884615384615 0.040865384615384616
0 0.5132211538461539 0.8689903846153846 0.07211538461538461 0.038461538461538464
0 0.20552884615384615 0.8629807692307693 0.08413461538461539 0.037259615384615384
0 0.6033653846153846 0.8004807692307693 0.07572115384615384 0.03125
0 0.6971153846153846 0.8509615384615384 0.04567307692307692 0.08533653846153846