0 0.20072115384615385 0.8894230769230769 0.23076923076923078 0.20793269230769232
0 0.4795673076923077 0.8677884615384616 0.23317307692307693 0.19110576923076922
0 0.6959134615384616 0.6694711538461539 0.4206730769230769 0.18629807692307693
0 0.6225961538461539 0.11538461538461539 0.3137019230769231 0.16826923076923078
0 0.5048076923076923 0.8497596153846154 0.24759615384615385 0.16706730769230768
0 0.9122596153846154 0.5492788461538461 0.17307692307692307 0.14302884615384615
0 0.27163461538461536 0.5168269230769231 0.21394230769230768 0.12980769230769232
0 0.8557692307692307 0.3088942307692308 0.2860576923076923 0.12740384615384615
0 0.45072115384615385 0.6923076923076923 0.11057692307692307 0.11778846153846154
0 0.34375 0.3870192307692308 0.1935096153846154 0.11177884615384616
0 0.20552884615384615 0.38100961538461536 0.19230769230769232 0.10697115384615384
0 0.056490384615384616 0.7584134615384616 0.11177884615384616 0.10216346153846154
0 0.40384615384615385 0.3581730769230769 0.2608173076923077 0.10096153846153846
0 0.9182692307692307 0.18870192307692307 0.1622596153846154 0.10096153846153846
0 0.8064903846153846 0.36177884615384615 0.2980769230769231 0.0985576923076923
0 0.13341346153846154 0.7355769230769231 0.12139423076923077 0.09615384615384616
0 0.5576923076923077 0.7704326923076923 0.39903846153846156 0.09495192307692307
0 0.7572115384615384 0.953125 0.22115384615384615 0.09134615384615384
0 0.5216346153846154 0.25961538461538464 0.21995192307692307 0.09134615384615384
0 0.26802884615384615 0.6514423076923077 0.18028846153846154 0.09014423076923077
0 0.9651442307692307 0.8125 0.06850961538461539 0.0889423076923077
0 0.04567307692307692 0.15384615384615385 0.09134615384615384 0.08653846153846154
0 0.5180288461538461 0.5420673076923077 0.23918269230769232 0.078125
0 0.36658653846153844 0.3016826923076923 0.23317307692307693 0.07572115384615384
0 0.8197115384615384 0.037259615384615384 0.359375 0.07211538461538461
0 0.12139423076923077 0.5540865384615384 0.1622596153846154 0.06610576923076923
0 0.016826923076923076 0.8389423076923077 0.03365384615384615 0.0673076923076923
0 0.08173076923076923 0.26322115384615385 0.05048076923076923 0.0625
0 0.04567307692307692 0.421875 0.09134615384615384 0.0625
0 0.1141826923076923 0.5048076923076923 0.15144230769230768 0.06009615384615385
0 0.14543269230769232 0.35096153846153844 0.1310096153846154 0.057692307692307696
0 0.5048076923076923 0.038461538461538464 0.21995192307692307 0.054086538461538464
0 0.051682692307692304 0.578125 0.10096153846153846 0.04927884615384615
0 0.021634615384615384 0.019230769230769232 0.04326923076923077 0.038461538461538464
0 0.2644230769230769 0.015625 0.07932692307692307 0.03125
0 0.22596153846153846 0.15384615384615385 0.23798076923076922 0.08533653846153846