4 0.13701923076923078 0.7055288461538461 0.06850961538461539 0.25841346153846156
0 0.6430288461538461 0.7572115384615384 0.039663461538461536 0.23677884615384615
0 0.6790865384615384 0.19230769230769232 0.13701923076923078 0.1045673076923077
0 0.8052884615384616 0.5985576923076923 0.01201923076923077 0.1045673076923077
0 0.8557692307692307 0.06850961538461539 0.12740384615384615 0.07572115384615384
0 0.8617788461538461 0.6141826923076923 0.04326923076923077 0.06009615384615385
0 0.625 0.9266826923076923 0.02403846153846154 0.05889423076923077
0 0.8978365384615384 0.6995192307692307 0.04807692307692308 0.05889423076923077
0 0.59375 0.1971153846153846 0.042067307692307696 0.04326923076923077
0 0.5228365384615384 0.7848557692307693 0.040865384615384616 0.039663461538461536
0 0.4735576923076923 0.5456730769230769 0.037259615384615384 0.03365384615384615
0 0.5048076923076923 0.5216346153846154 0.027644230769230768 0.028846153846153848