2 0.6526442307692307 0.4639423076923077 0.0733173076923077 0.09014423076923077
2 0.0625 0.6598557692307693 0.125 0.0889423076923077
2 0.27884615384615385 0.4362980769230769 0.057692307692307696 0.07451923076923077
2 0.7920673076923077 0.4699519230769231 0.06009615384615385 0.07211538461538461
2 0.30408653846153844 0.4362980769230769 0.03125 0.057692307692307696
2 0.3401442307692308 0.4387019230769231 0.038461538461538464 0.04807692307692308
2 0.0889423076923077 0.44591346153846156 0.055288461538461536 0.04807692307692308
2 0.14302884615384615 0.44711538461538464 0.04326923076923077 0.04447115384615385
2 0.2127403846153846 0.421875 0.03485576923076923 0.04326923076923077
2 0.3125 0.3858173076923077 0.036057692307692304 0.04326923076923077
2 0.18629807692307693 0.4098557692307692 0.04567307692307692 0.038461538461538464
2 0.020432692307692308 0.4483173076923077 0.040865384615384616 0.038461538461538464
2 0.5384615384615384 0.7067307692307693 0.15504807692307693 0.09975961538461539