4 0.9350961538461539 0.14903846153846154 0.12860576923076922 0.13341346153846154
0 0.14543269230769232 0.2776442307692308 0.25 0.125
4 0.6850961538461539 0.47836538461538464 0.11538461538461539 0.078125
0 0.2439903846153846 0.10817307692307693 0.23918269230769232 0.07572115384615384
4 0.5516826923076923 0.5480769230769231 0.20432692307692307 0.0733173076923077
4 0.28725961538461536 0.22596153846153846 0.12259615384615384 0.06850961538461539
0 0.33052884615384615 0.5180288461538461 0.18389423076923078 0.06610576923076923
0 0.6165865384615384 0.2512019230769231 0.1045673076923077 0.06490384615384616
4 0.7379807692307693 0.22956730769230768 0.21634615384615385 0.06490384615384616
0 0.6538461538461539 0.09014423076923077 0.08173076923076923 0.06370192307692307
0 0.546875 0.18028846153846154 0.04927884615384615 0.054086538461538464
0 0.59375 0.1346153846153846 0.08173076923076923 0.051682692307692304
0 0.39903846153846156 0.19230769230769232 0.09254807692307693 0.04927884615384615
0 0.7355769230769231 0.09735576923076923 0.07451923076923077 0.046875
0 0.054086538461538464 0.24759615384615385 0.052884615384615384 0.04326923076923077
0 0.7716346153846154 0.021634615384615384 0.0673076923076923 0.04326923076923077
4 0.16105769230769232 0.5757211538461539 0.22115384615384615 0.040865384615384616
0 0.09975961538461539 0.2091346153846154 0.052884615384615384 0.040865384615384616
0 0.040865384615384616 0.21153846153846154 0.08173076923076923 0.04326923076923077
0 0.04447115384615385 0.18028846153846154 0.05048076923076923 0.038461538461538464
0 0.039663461538461536 0.2848557692307692 0.07932692307692307 0.040865384615384616
0 0.014423076923076924 0.18269230769230768 0.028846153846153848 0.03365384615384615
0 0.47475961538461536 0.10817307692307693 0.05889423076923077 0.03245192307692308
6 0.49759615384615385 0.6201923076923077 0.10697115384615384 0.03245192307692308