4 0.22596153846153846 0.28966346153846156 0.07211538461538461 0.1502403846153846
4 0.5048076923076923 0.125 0.10817307692307693 0.09134615384615384
4 0.33533653846153844 0.5637019230769231 0.08774038461538461 0.07932692307692307
0 0.4495192307692308 0.7860576923076923 0.030048076923076924 0.056490384615384616
0 0.265625 0.8978365384615384 0.025240384615384616 0.052884615384615384
0 0.47115384615384615 0.4879807692307692 0.019230769230769232 0.04807692307692308
0 0.6766826923076923 0.6754807692307693 0.014423076923076924 0.042067307692307696
0 0.2848557692307692 0.6466346153846154 0.019230769230769232 0.036057692307692304
0 0.2536057692307692 0.6165865384615384 0.018028846153846152 0.028846153846153848
0 0.6983173076923077 0.7596153846153846 0.014423076923076924 0.026442307692307692
0 0.6141826923076923 0.6899038461538461 0.02403846153846154 0.025240384615384616
0 0.3918269230769231 0.8233173076923077 0.03245192307692308 0.025240384615384616
0 0.3737980769230769 0.34134615384615385 0.009615384615384616 0.025240384615384616
0 0.36899038461538464 0.42788461538461536 0.009615384615384616 0.025240384615384616
0 0.3112980769230769 0.6394230769230769 0.014423076923076924 0.02403846153846154
0 0.3485576923076923 0.3641826923076923 0.010817307692307692 0.018028846153846152
0 0.37259615384615385 0.26322115384615385 0.010817307692307692 0.015625
0 0.3088942307692308 0.8701923076923077 0.027644230769230768 0.014423076923076924
0 0.1971153846153846 0.19951923076923078 0.006009615384615385 0.010817307692307692
0 0.6322115384615384 0.6754807692307693 0.019230769230769232 0.009615384615384616
4 0.5733173076923077 0.6454326923076923 0.06009615384615385 0.171875