6 0.046875 0.8016826923076923 0.09254807692307693 0.10336538461538461
6 0.6346153846153846 0.5204326923076923 0.23798076923076922 0.09975961538461539
6 0.41225961538461536 0.5144230769230769 0.1971153846153846 0.09254807692307693
4 0.5072115384615384 0.1502403846153846 0.21514423076923078 0.06009615384615385
6 0.6706730769230769 0.43149038461538464 0.14182692307692307 0.056490384615384616
4 0.31971153846153844 0.23677884615384615 0.15865384615384615 0.05048076923076923
4 0.8990384615384616 0.27884615384615385 0.0829326923076923 0.04927884615384615
0 0.6225961538461539 0.04447115384615385 0.11177884615384616 0.04447115384615385
0 0.6502403846153846 0.030048076923076924 0.1045673076923077 0.042067307692307696
0 0.7163461538461539 0.028846153846153848 0.11057692307692307 0.038461538461538464
0 0.8257211538461539 0.04567307692307692 0.08653846153846154 0.038461538461538464
0 0.3858173076923077 0.027644230769230768 0.05048076923076923 0.037259615384615384
0 0.7355769230769231 0.078125 0.06610576923076923 0.030048076923076924
0 0.7848557692307693 0.013221153846153846 0.07572115384615384 0.026442307692307692
4 0.6923076923076923 0.203125 0.09975961538461539 0.04326923076923077