2 0.5528846153846154 0.5600961538461539 0.11538461538461539 0.09735576923076923
2 0.8137019230769231 0.47475961538461536 0.06370192307692307 0.0889423076923077
2 0.4206730769230769 0.5216346153846154 0.06971153846153846 0.0829326923076923
2 0.6358173076923077 0.5120192307692307 0.03245192307692308 0.0673076923076923
2 0.7403846153846154 0.47115384615384615 0.06009615384615385 0.0625
2 0.6826923076923077 0.4855769230769231 0.042067307692307696 0.051682692307692304
2 0.057692307692307696 0.5432692307692307 0.07692307692307693 0.042067307692307696
2 0.2608173076923077 0.5432692307692307 0.039663461538461536 0.037259615384615384
2 0.9194711538461539 0.49038461538461536 0.027644230769230768 0.03485576923076923
2 0.0985576923076923 0.484375 0.036057692307692304 0.03365384615384615
2 0.9699519230769231 0.5 0.037259615384615384 0.03125
2 0.9783653846153846 0.4495192307692308 0.02403846153846154 0.025240384615384616
2 0.18629807692307693 0.5 0.019230769230769232 0.02283653846153846