0 0.7908653846153846 0.05048076923076923 0.1971153846153846 0.09975961538461539
0 0.5060096153846154 0.6670673076923077 0.22235576923076922 0.09134615384615384
0 0.9375 0.05889423076923077 0.1201923076923077 0.09375
0 0.11177884615384616 0.10576923076923077 0.1935096153846154 0.09014423076923077
0 0.07091346153846154 0.7824519230769231 0.14182692307692307 0.08774038461538461
0 0.8629807692307693 0.19951923076923078 0.27283653846153844 0.08533653846153846
0 0.9194711538461539 0.9519230769230769 0.15865384615384615 0.08533653846153846
0 0.6177884615384616 0.9579326923076923 0.18509615384615385 0.08173076923076923
0 0.7512019230769231 0.8930288461538461 0.1622596153846154 0.07932692307692307
0 0.5420673076923077 0.09495192307692307 0.2932692307692308 0.07572115384615384
0 0.3016826923076923 0.5973557692307693 0.1814903846153846 0.07572115384615384
0 0.9110576923076923 0.7860576923076923 0.17668269230769232 0.07572115384615384
0 0.7175480769230769 0.4098557692307692 0.25240384615384615 0.07572115384615384
0 0.4098557692307692 0.5793269230769231 0.25600961538461536 0.07572115384615384
0 0.18870192307692307 0.20552884615384615 0.24639423076923078 0.07451923076923077
0 0.7572115384615384 0.3076923076923077 0.2247596153846154 0.07451923076923077
0 0.9206730769230769 0.5997596153846154 0.15745192307692307 0.0733173076923077
0 0.5733173076923077 0.7524038461538461 0.22596153846153846 0.0733173076923077
0 0.9302884615384616 0.8557692307692307 0.1346153846153846 0.07692307692307693
0 0.6514423076923077 0.6682692307692307 0.15625 0.0733173076923077
0 0.04326923076923077 0.8713942307692307 0.08653846153846154 0.07211538461538461
0 0.8774038461538461 0.7007211538461539 0.21754807692307693 0.07091346153846154
0 0.3233173076923077 0.9411057692307693 0.17427884615384615 0.06971153846153846
0 0.5216346153846154 0.7836538461538461 0.20673076923076922 0.06971153846153846
0 0.46153846153846156 0.3870192307692308 0.22115384615384615 0.0673076923076923
0 0.8725961538461539 0.6310096153846154 0.21033653846153846 0.06610576923076923
0 0.671875 0.31490384615384615 0.1466346153846154 0.06490384615384616
0 0.6262019230769231 0.6069711538461539 0.1814903846153846 0.06490384615384616
0 0.5108173076923077 0.8605769230769231 0.16826923076923078 0.06370192307692307
0 0.7920673076923077 0.4483173076923077 0.2247596153846154 0.06370192307692307
0 0.7319711538461539 0.8088942307692307 0.1778846153846154 0.06370192307692307
0 0.6225961538461539 0.03125 0.16346153846153846 0.0625
0 0.040865384615384616 0.18389423076923078 0.08173076923076923 0.0625
0 0.6370192307692307 0.22355769230769232 0.22596153846153846 0.06009615384615385
0 0.06490384615384616 0.36538461538461536 0.12980769230769232 0.06009615384615385
0 0.2776442307692308 0.26322115384615385 0.19110576923076922 0.05889423076923077
0 0.17307692307692307 0.38461538461538464 0.14783653846153846 0.05889423076923077
0 0.6021634615384616 0.18269230769230768 0.20072115384615385 0.05889423076923077
0 0.765625 0.5420673076923077 0.28725961538461536 0.057692307692307696
0 0.41586538461538464 0.4495192307692308 0.16947115384615385 0.057692307692307696
0 0.3713942307692308 0.8209134615384616 0.2127403846153846 0.056490384615384616
0 0.47836538461538464 0.3161057692307692 0.2247596153846154 0.056490384615384616
0 0.025240384615384616 0.26802884615384615 0.04927884615384615 0.055288461538461536
0 0.2403846153846154 0.8882211538461539 0.15625 0.055288461538461536
0 0.17427884615384615 0.33413461538461536 0.2127403846153846 0.054086538461538464
0 0.19110576923076922 0.49158653846153844 0.2764423076923077 0.051682692307692304
0 0.9399038461538461 0.4495192307692308 0.11899038461538461 0.05048076923076923
0 0.4855769230769231 0.96875 0.13341346153846154 0.04927884615384615
0 0.07932692307692307 0.5973557692307693 0.15865384615384615 0.04927884615384615
0 0.20072115384615385 0.7199519230769231 0.20552884615384615 0.04927884615384615
0 0.039663461538461536 0.4375 0.07932692307692307 0.04807692307692308
0 0.7620192307692307 0.49278846153846156 0.21153846153846154 0.04567307692307692
0 0.9495192307692307 0.4170673076923077 0.09975961538461539 0.04447115384615385
0 0.2620192307692308 0.4651442307692308 0.18509615384615385 0.040865384615384616
0 0.9471153846153846 0.671875 0.1045673076923077 0.06370192307692307