2 0.5228365384615384 0.5348557692307693 0.109375 0.09735576923076923
2 0.6466346153846154 0.45913461538461536 0.057692307692307696 0.078125
2 0.8197115384615384 0.46153846153846156 0.0733173076923077 0.0733173076923077
2 0.578125 0.46274038461538464 0.037259615384615384 0.0673076923076923
2 0.3858173076923077 0.43028846153846156 0.03485576923076923 0.056490384615384616
2 0.2620192307692308 0.4375 0.04447115384615385 0.051682692307692304
2 0.055288461538461536 0.43509615384615385 0.03245192307692308 0.051682692307692304
2 0.4182692307692308 0.42788461538461536 0.036057692307692304 0.04447115384615385
2 0.28966346153846156 0.4026442307692308 0.037259615384615384 0.04447115384615385
2 0.09375 0.4254807692307692 0.036057692307692304 0.04326923076923077
2 0.8449519230769231 0.43149038461538464 0.037259615384615384 0.042067307692307696
2 0.8689903846153846 0.4387019230769231 0.019230769230769232 0.038461538461538464
2 0.23557692307692307 0.4266826923076923 0.027644230769230768 0.036057692307692304
2 0.3293269230769231 0.42908653846153844 0.03125 0.03365384615384615
2 0.13581730769230768 0.4254807692307692 0.019230769230769232 0.03245192307692308
2 0.6899038461538461 0.42788461538461536 0.02403846153846154 0.026442307692307692
2 0.5612980769230769 0.4230769230769231 0.037259615384615384 0.037259615384615384