2 0.5072115384615384 0.7391826923076923 0.09615384615384616 0.08774038461538461
2 0.6610576923076923 0.49399038461538464 0.0673076923076923 0.08533653846153846
2 0.7127403846153846 0.49399038461538464 0.0733173076923077 0.0829326923076923
2 0.3389423076923077 0.46875 0.055288461538461536 0.06490384615384616
2 0.8521634615384616 0.5036057692307693 0.055288461538461536 0.06370192307692307
2 0.040865384615384616 0.47475961538461536 0.0625 0.05889423076923077
2 0.41947115384615385 0.4675480769230769 0.038461538461538464 0.04567307692307692
2 0.15144230769230768 0.4651442307692308 0.040865384615384616 0.04447115384615385
2 0.3605769230769231 0.46274038461538464 0.019230769230769232 0.04326923076923077
2 0.9266826923076923 0.47115384615384615 0.039663461538461536 0.042067307692307696
2 0.39302884615384615 0.4651442307692308 0.02283653846153846 0.040865384615384616
2 0.19831730769230768 0.4735576923076923 0.040865384615384616 0.03485576923076923
2 0.36899038461538464 0.40865384615384615 0.025240384615384616 0.03245192307692308
2 0.24879807692307693 0.44471153846153844 0.057692307692307696 0.021634615384615384
2 0.16105769230769232 0.7644230769230769 0.32211538461538464 0.09735576923076923