2 0.21033653846153846 0.31971153846153844 0.09975961538461539 0.109375
2 0.17307692307692307 0.32211538461538464 0.042067307692307696 0.09134615384615384
2 0.7824519230769231 0.38221153846153844 0.0625 0.07932692307692307
2 0.9050480769230769 0.3858173076923077 0.06129807692307692 0.06971153846153846
2 0.9711538461538461 0.3894230769230769 0.052884615384615384 0.057692307692307696
2 0.6129807692307693 0.38822115384615385 0.03365384615384615 0.055288461538461536
2 0.39663461538461536 0.5336538461538461 0.2091346153846154 0.05048076923076923
2 0.6394230769230769 0.3786057692307692 0.052884615384615384 0.05048076923076923
2 0.5865384615384616 0.3870192307692308 0.03245192307692308 0.04927884615384615
2 0.4230769230769231 0.3545673076923077 0.06490384615384616 0.046875
2 0.33774038461538464 0.3473557692307692 0.04567307692307692 0.04447115384615385
2 0.453125 0.3605769230769231 0.042067307692307696 0.038461538461538464
2 0.38822115384615385 0.3629807692307692 0.04326923076923077 0.036057692307692304