0 0.5300480769230769 0.22115384615384615 0.08413461538461539 0.15745192307692307
0 0.5877403846153846 0.2283653846153846 0.06610576923076923 0.15384615384615385
0 0.6850961538461539 0.41225961538461536 0.09615384615384616 0.14543269230769232
0 0.4831730769230769 0.07091346153846154 0.09375 0.14182692307692307
0 0.026442307692307692 0.6598557692307693 0.039663461538461536 0.13341346153846154
0 0.5925480769230769 0.7944711538461539 0.10576923076923077 0.1310096153846154
0 0.5348557692307693 0.5084134615384616 0.08413461538461539 0.125
0 0.8149038461538461 0.39903846153846156 0.057692307692307696 0.12379807692307693
0 0.5745192307692307 0.4230769230769231 0.07091346153846154 0.12379807692307693
0 0.359375 0.7824519230769231 0.04447115384615385 0.1201923076923077
0 0.4735576923076923 0.23677884615384615 0.057692307692307696 0.1201923076923077
0 0.6550480769230769 0.296875 0.06971153846153846 0.1201923076923077
0 0.6189903846153846 0.3737980769230769 0.09134615384615384 0.11778846153846154
0 0.2800480769230769 0.6586538461538461 0.038461538461538464 0.11658653846153846
0 0.48197115384615385 0.4411057692307692 0.07572115384615384 0.10336538461538461
0 0.2668269230769231 0.36177884615384615 0.038461538461538464 0.09014423076923077
0 0.2283653846153846 0.5492788461538461 0.03125 0.09014423076923077
0 0.31971153846153844 0.41586538461538464 0.028846153846153848 0.09014423076923077
0 0.33052884615384615 0.6129807692307693 0.030048076923076924 0.0889423076923077
0 0.14543269230769232 0.5492788461538461 0.026442307692307692 0.08533653846153846
0 0.5805288461538461 0.5408653846153846 0.07451923076923077 0.08413461538461539
0 0.6045673076923077 0.6201923076923077 0.05048076923076923 0.08173076923076923
0 0.3233173076923077 0.30408653846153844 0.036057692307692304 0.078125
0 0.3401442307692308 0.6959134615384616 0.028846153846153848 0.078125
0 0.1658653846153846 0.4362980769230769 0.030048076923076924 0.07572115384615384
0 0.22115384615384615 0.43990384615384615 0.027644230769230768 0.06971153846153846
0 0.44711538461538464 0.16826923076923078 0.04326923076923077 0.06490384615384616
0 0.3545673076923077 0.23918269230769232 0.02403846153846154 0.06370192307692307
0 0.054086538461538464 0.5096153846153846 0.021634615384615384 0.06370192307692307
0 0.30288461538461536 0.5264423076923077 0.025240384615384616 0.06009615384615385
0 0.3329326923076923 0.5324519230769231 0.03365384615384615 0.05889423076923077
0 0.3918269230769231 0.3161057692307692 0.04447115384615385 0.04927884615384615
0 0.46634615384615385 0.7055288461538461 0.020432692307692308 0.046875
0 0.4831730769230769 0.8725961538461539 0.021634615384615384 0.04567307692307692
0 0.41586538461538464 0.8774038461538461 0.028846153846153848 0.04567307692307692
0 0.4074519230769231 0.25 0.03245192307692308 0.04326923076923077
0 0.20552884615384615 0.16105769230769232 0.018028846153846152 0.04326923076923077
0 0.5084134615384616 0.7403846153846154 0.018028846153846152 0.04326923076923077
0 0.1971153846153846 0.019230769230769232 0.02283653846153846 0.038461538461538464
0 0.8125 0.6225961538461539 0.052884615384615384 0.038461538461538464
0 0.44711538461538464 0.7427884615384616 0.009615384615384616 0.037259615384615384
0 0.421875 0.8341346153846154 0.016826923076923076 0.03485576923076923
0 0.46153846153846156 0.7704326923076923 0.013221153846153846 0.03365384615384615
0 0.2692307692307692 0.19591346153846154 0.014423076923076924 0.03125
0 0.2283653846153846 0.17427884615384615 0.026442307692307692 0.028846153846153848
0 0.21153846153846154 0.11658653846153846 0.027644230769230768 0.028846153846153848
0 0.21875 0.22115384615384615 0.01201923076923077 0.025240384615384616
0 0.4362980769230769 0.7463942307692307 0.01201923076923077 0.025240384615384616
0 0.17908653846153846 0.21995192307692307 0.020432692307692308 0.025240384615384616
0 0.2644230769230769 0.078125 0.016826923076923076 0.02403846153846154
0 0.2956730769230769 0.14903846153846154 0.020432692307692308 0.02283653846153846
0 0.31490384615384615 0.13822115384615385 0.013221153846153846 0.019230769230769232
0 0.9423076923076923 0.7884615384615384 0.001201923076923077 0.001201923076923077
6 0.3557692307692308 0.5300480769230769 0.06610576923076923 0.3161057692307692