4 0.41225961538461536 0.5288461538461539 0.25961538461538464 0.13822115384615385
0 0.921875 0.32572115384615385 0.15144230769230768 0.12740384615384615
4 0.2644230769230769 0.9375 0.2512019230769231 0.12259615384615384
6 0.6899038461538461 0.43028846153846156 0.06009615384615385 0.08653846153846154
0 0.7307692307692307 0.5072115384615384 0.06370192307692307 0.0829326923076923
0 0.5372596153846154 0.8762019230769231 0.19110576923076922 0.078125
0 0.9471153846153846 0.42788461538461536 0.1045673076923077 0.07451923076923077
0 0.9711538461538461 0.38341346153846156 0.056490384615384616 0.07211538461538461
0 0.9014423076923077 0.5432692307692307 0.0889423076923077 0.06610576923076923
0 0.6875 0.5048076923076923 0.042067307692307696 0.06490384615384616
0 0.6225961538461539 0.5564903846153846 0.036057692307692304 0.06370192307692307
4 0.5444711538461539 0.7992788461538461 0.1201923076923077 0.06009615384615385
0 0.8125 0.5552884615384616 0.09014423076923077 0.06009615384615385
0 0.6009615384615384 0.4951923076923077 0.05889423076923077 0.05889423076923077
4 0.7836538461538461 0.7175480769230769 0.20432692307692307 0.051682692307692304
0 0.9206730769230769 0.5985576923076923 0.09975961538461539 0.040865384615384616
0 0.9675480769230769 0.6526442307692307 0.06370192307692307 0.038461538461538464
0 0.8701923076923077 0.5637019230769231 0.0985576923076923 0.037259615384615384