0 0.27283653846153844 0.5096153846153846 0.3401442307692308 0.1466346153846154
0 0.875 0.640625 0.24519230769230768 0.12740384615384615
0 0.65625 0.3112980769230769 0.203125 0.109375
0 0.16466346153846154 0.33052884615384615 0.3293269230769231 0.11298076923076923
0 0.5396634615384616 0.44350961538461536 0.2860576923076923 0.1045673076923077
0 0.4543269230769231 0.2127403846153846 0.3557692307692308 0.09975961538461539
0 0.5144230769230769 0.28966346153846156 0.25961538461538464 0.0985576923076923
0 0.2439903846153846 0.7944711538461539 0.2644230769230769 0.09735576923076923
0 0.7019230769230769 0.09134615384615384 0.3485576923076923 0.09615384615384616
0 0.4338942307692308 0.7788461538461539 0.32211538461538464 0.09254807692307693
0 0.8677884615384616 0.16947115384615385 0.25961538461538464 0.09375
0 0.8557692307692307 0.8401442307692307 0.2860576923076923 0.08774038461538461
0 0.8497596153846154 0.49399038461538464 0.2980769230769231 0.08533653846153846
0 0.15264423076923078 0.6790865384615384 0.2956730769230769 0.08173076923076923
0 0.734375 0.6911057692307693 0.24759615384615385 0.07692307692307693
0 0.8990384615384616 0.39302884615384615 0.1971153846153846 0.07932692307692307
0 0.04927884615384615 0.9278846153846154 0.09735576923076923 0.07572115384615384
0 0.4362980769230769 0.8004807692307693 0.29086538461538464 0.0733173076923077
0 0.5649038461538461 0.7740384615384616 0.19591346153846154 0.0733173076923077
0 0.04447115384615385 0.49038461538461536 0.0889423076923077 0.07211538461538461
0 0.8521634615384616 0.9110576923076923 0.29086538461538464 0.07211538461538461
0 0.7800480769230769 0.41346153846153844 0.08052884615384616 0.06850961538461539
0 0.039663461538461536 0.056490384615384616 0.07932692307692307 0.06850961538461539
0 0.5588942307692307 0.8533653846153846 0.2764423076923077 0.0673076923076923
0 0.44471153846153844 0.5444711538461539 0.13581730769230768 0.0673076923076923
0 0.234375 0.2692307692307692 0.19591346153846154 0.0673076923076923
0 0.07932692307692307 0.8509615384615384 0.15865384615384615 0.06370192307692307
0 0.38822115384615385 0.6478365384615384 0.22355769230769232 0.0625
0 0.7055288461538461 0.6201923076923077 0.13221153846153846 0.057692307692307696
0 0.43509615384615385 0.7223557692307693 0.27524038461538464 0.05048076923076923
0 0.90625 0.6081730769230769 0.18269230769230768 0.052884615384615384
0 0.33653846153846156 0.9771634615384616 0.2704326923076923 0.04447115384615385
0 0.6887019230769231 0.9771634615384616 0.2668269230769231 0.04447115384615385
0 0.013221153846153846 0.1310096153846154 0.026442307692307692 0.05048076923076923