0 0.34375 0.4266826923076923 0.4074519230769231 0.21153846153846154
0 0.6862980769230769 0.4182692307692308 0.234375 0.20552884615384615
4 0.5805288461538461 0.6454326923076923 0.27884615384615385 0.125
0 0.2704326923076923 0.34134615384615385 0.19471153846153846 0.12379807692307693
0 0.0673076923076923 0.8221153846153846 0.0985576923076923 0.11778846153846154
0 0.19831730769230768 0.5721153846153846 0.08173076923076923 0.09375
0 0.15384615384615385 0.4483173076923077 0.06490384615384616 0.09254807692307693
0 0.038461538461538464 0.6418269230769231 0.07692307692307693 0.07572115384615384
0 0.09615384615384616 0.6262019230769231 0.10817307692307693 0.06971153846153846
0 0.09375 0.7524038461538461 0.1875 0.0673076923076923
0 0.16105769230769232 0.6814903846153846 0.08653846153846154 0.0625
4 0.6105769230769231 0.14903846153846154 0.43509615384615385 0.28365384615384615