0 0.3449519230769231 0.15144230769230768 0.04927884615384615 0.15144230769230768
0 0.3173076923076923 0.6694711538461539 0.040865384615384616 0.12620192307692307
0 0.31009615384615385 0.1814903846153846 0.05889423076923077 0.125
0 0.21875 0.5588942307692307 0.03365384615384615 0.12379807692307693
0 0.21634615384615385 0.6442307692307693 0.07451923076923077 0.11298076923076923
0 0.18629807692307693 0.5817307692307693 0.038461538461538464 0.10216346153846154
0 0.24879807692307693 0.5276442307692307 0.046875 0.10096153846153846
0 0.055288461538461536 0.6322115384615384 0.03245192307692308 0.09975961538461539
0 0.5324519230769231 0.4338942307692308 0.036057692307692304 0.09495192307692307
0 0.1346153846153846 0.6382211538461539 0.037259615384615384 0.09495192307692307
0 0.33533653846153844 0.4879807692307692 0.07692307692307693 0.09014423076923077
0 0.3233173076923077 0.3485576923076923 0.04447115384615385 0.08774038461538461
0 0.15504807692307693 0.7463942307692307 0.04326923076923077 0.08653846153846154
0 0.11658653846153846 0.8617788461538461 0.040865384615384616 0.08653846153846154
0 0.36658653846153844 0.3954326923076923 0.038461538461538464 0.08653846153846154
0 0.2860576923076923 0.9026442307692307 0.036057692307692304 0.08413461538461539
0 0.10576923076923077 0.7584134615384616 0.027644230769230768 0.08413461538461539
0 0.1346153846153846 0.6911057692307693 0.03365384615384615 0.08413461538461539
0 0.2980769230769231 0.6033653846153846 0.026442307692307692 0.0829326923076923
0 0.15865384615384615 0.6862980769230769 0.026442307692307692 0.07572115384615384
0 0.265625 0.3701923076923077 0.06610576923076923 0.06490384615384616
0 0.3701923076923077 0.28966346153846156 0.04807692307692308 0.0625
0 0.18269230769230768 0.9483173076923077 0.03125 0.06129807692307692
0 0.25240384615384615 0.2127403846153846 0.02283653846153846 0.05889423076923077
0 0.2091346153846154 0.9038461538461539 0.040865384615384616 0.054086538461538464
0 0.4014423076923077 0.12860576923076922 0.03125 0.054086538461538464
0 0.07451923076923077 0.9735576923076923 0.02403846153846154 0.04807692307692308
0 0.08774038461538461 0.09014423076923077 0.021634615384615384 0.04326923076923077