4 0.8149038461538461 0.6538461538461539 0.3004807692307692 0.13942307692307693
4 0.4963942307692308 0.4050480769230769 0.22115384615384615 0.12980769230769232
4 0.49158653846153844 0.5504807692307693 0.16105769230769232 0.1141826923076923
0 0.7079326923076923 0.15504807692307693 0.17307692307692307 0.07091346153846154
0 0.24278846153846154 0.11778846153846154 0.15504807692307693 0.06370192307692307
4 0.4362980769230769 0.6382211538461539 0.23557692307692307 0.051682692307692304
0 0.21394230769230768 0.17067307692307693 0.15865384615384615 0.04326923076923077
0 0.052884615384615384 0.12259615384615384 0.10576923076923077 0.04326923076923077
0 0.036057692307692304 0.1971153846153846 0.07091346153846154 0.039663461538461536
0 0.06850961538461539 0.1141826923076923 0.13701923076923078 0.03125
0 0.056490384615384616 0.0673076923076923 0.11298076923076923 0.04807692307692308