4 0.5276442307692307 0.46875 0.17307692307692307 0.1201923076923077
0 0.09014423076923077 0.1045673076923077 0.18028846153846154 0.1201923076923077
4 0.8028846153846154 0.5757211538461539 0.39302884615384615 0.11658653846153846
0 0.2956730769230769 0.17427884615384615 0.16947115384615385 0.10096153846153846
4 0.9447115384615384 0.4338942307692308 0.10817307692307693 0.08533653846153846
0 0.11658653846153846 0.13822115384615385 0.18629807692307693 0.07692307692307693
0 0.8052884615384616 0.22956730769230768 0.23076923076923078 0.06971153846153846
0 0.4831730769230769 0.1935096153846154 0.19230769230769232 0.06370192307692307
0 0.29447115384615385 0.2247596153846154 0.21634615384615385 0.06129807692307692
0 0.18389423076923078 0.030048076923076924 0.16826923076923078 0.06009615384615385
0 0.7728365384615384 0.15264423076923078 0.1778846153846154 0.054086538461538464
4 0.7620192307692307 0.3076923076923077 0.2439903846153846 0.05048076923076923
0 0.5685096153846154 0.22235576923076922 0.1622596153846154 0.04927884615384615
0 0.8521634615384616 0.17427884615384615 0.1502403846153846 0.04567307692307692
0 0.4206730769230769 0.02283653846153846 0.09615384615384616 0.04567307692307692