2 0.22956730769230768 0.8125 0.328125 0.14903846153846154
2 0.6742788461538461 0.4951923076923077 0.15745192307692307 0.11778846153846154
2 0.49038461538461536 0.28966346153846156 0.11538461538461539 0.10697115384615384
2 0.8004807692307693 0.21875 0.06610576923076923 0.0625
2 0.6466346153846154 0.22355769230769232 0.06129807692307692 0.05048076923076923
2 0.8713942307692307 0.21875 0.038461538461538464 0.04807692307692308
2 0.9735576923076923 0.21153846153846154 0.051682692307692304 0.04927884615384615
2 0.4375 0.37740384615384615 0.17668269230769232 0.04326923076923077
2 0.9050480769230769 0.2247596153846154 0.04326923076923077 0.03245192307692308
2 0.7572115384615384 0.21995192307692307 0.028846153846153848 0.028846153846153848
2 0.7139423076923077 0.2247596153846154 0.051682692307692304 0.027644230769230768