3 0.7103365384615384 0.5661057692307693 0.3173076923076923 0.12379807692307693
3 0.6646634615384616 0.29927884615384615 0.13701923076923078 0.09615384615384616
3 0.8341346153846154 0.2980769230769231 0.08052884615384616 0.08533653846153846
3 0.8930288461538461 0.29086538461538464 0.0625 0.08413461538461539
3 0.7415865384615384 0.29086538461538464 0.04447115384615385 0.06971153846153846
3 0.16947115384615385 0.2860576923076923 0.06370192307692307 0.06850961538461539
3 0.49399038461538464 0.2548076923076923 0.057692307692307696 0.0673076923076923
3 0.90625 0.15264423076923078 0.06610576923076923 0.06490384615384616
3 0.9615384615384616 0.16346153846153846 0.06370192307692307 0.06009615384615385
3 0.2608173076923077 0.28966346153846156 0.040865384615384616 0.06009615384615385
3 0.31971153846153844 0.28125 0.06850961538461539 0.055288461538461536
3 0.12980769230769232 0.3329326923076923 0.09014423076923077 0.037259615384615384