0 0.47836538461538464 0.3016826923076923 0.5528846153846154 0.3918269230769231
0 0.5612980769230769 0.1346153846153846 0.39903846153846156 0.25721153846153844
4 0.4014423076923077 0.5997596153846154 0.3485576923076923 0.18389423076923078
4 0.7896634615384616 0.9098557692307693 0.41586538461538464 0.17548076923076922
0 0.7752403846153846 0.4951923076923077 0.27524038461538464 0.16105769230769232
0 0.0889423076923077 0.3545673076923077 0.17668269230769232 0.12740384615384615
0 0.9338942307692307 0.36778846153846156 0.12980769230769232 0.125
0 0.8064903846153846 0.4050480769230769 0.09975961538461539 0.11177884615384616
0 0.9158653846153846 0.4338942307692308 0.16346153846153846 0.10336538461538461
0 0.5769230769230769 0.42427884615384615 0.22355769230769232 0.08774038461538461
0 0.9254807692307693 0.5276442307692307 0.14783653846153846 0.08533653846153846
0 0.5853365384615384 0.4735576923076923 0.12139423076923077 0.06370192307692307
0 0.5048076923076923 0.7463942307692307 0.171875 0.0625
4 0.3425480769230769 0.7283653846153846 0.08173076923076923 0.056490384615384616
0 0.6802884615384616 0.5997596153846154 0.16346153846153846 0.051682692307692304
0 0.13341346153846154 0.5805288461538461 0.12139423076923077 0.046875
0 0.3485576923076923 0.5637019230769231 0.08052884615384616 0.038461538461538464
0 0.038461538461538464 0.5649038461538461 0.07692307692307693 0.038461538461538464
0 0.29086538461538464 0.5721153846153846 0.06610576923076923 0.03125
0 0.22596153846153846 0.5721153846153846 0.06009615384615385 0.028846153846153848
4 0.8605769230769231 0.15504807692307693 0.2776442307692308 0.31009615384615385