4 0.25 0.055288461538461536 0.3088942307692308 0.10697115384615384
4 0.06129807692307692 0.14423076923076922 0.11899038461538461 0.10697115384615384
4 0.23918269230769232 0.3954326923076923 0.17067307692307693 0.08052884615384616
4 0.5408653846153846 0.2620192307692308 0.12379807692307693 0.07572115384615384
4 0.8305288461538461 0.359375 0.2536057692307692 0.06850961538461539
0 0.2247596153846154 0.08413461538461539 0.12740384615384615 0.051682692307692304
0 0.5829326923076923 0.10697115384615384 0.09735576923076923 0.04807692307692308
0 0.8762019230769231 0.11778846153846154 0.078125 0.04326923076923077
0 0.41225961538461536 0.20192307692307693 0.11778846153846154 0.040865384615384616
0 0.7247596153846154 0.15985576923076922 0.09014423076923077 0.038461538461538464
0 0.9591346153846154 0.24639423076923078 0.08052884615384616 0.039663461538461536
0 0.28125 0.14302884615384615 0.13822115384615385 0.037259615384615384
0 0.4362980769230769 0.18509615384615385 0.11538461538461539 0.036057692307692304
0 0.6838942307692307 0.1875 0.10096153846153846 0.036057692307692304
0 0.6586538461538461 0.15504807692307693 0.1201923076923077 0.036057692307692304
0 0.8545673076923077 0.18028846153846154 0.09134615384615384 0.036057692307692304
0 0.2620192307692308 0.15144230769230768 0.1201923076923077 0.036057692307692304
0 0.7704326923076923 0.17067307692307693 0.06490384615384616 0.03365384615384615
0 0.6598557692307693 0.14182692307692307 0.0889423076923077 0.03245192307692308
6 0.5432692307692307 0.49759615384615385 0.09375 0.03245192307692308
0 0.9362980769230769 0.15264423076923078 0.08413461538461539 0.03245192307692308
0 0.7127403846153846 0.44591346153846156 0.08774038461538461 0.03125
0 0.5949519230769231 0.13581730769230768 0.08173076923076923 0.03125
0 0.8173076923076923 0.13942307692307693 0.08774038461538461 0.030048076923076924
0 0.8040865384615384 0.4375 0.0733173076923077 0.02403846153846154