1 0.8569711538461539 0.28725961538461536 0.27524038461538464 0.19831730769230768
1 0.46274038461538464 0.10817307692307693 0.1778846153846154 0.1875
1 0.2860576923076923 0.3161057692307692 0.10096153846153846 0.14302884615384615
1 0.7572115384615384 0.7716346153846154 0.20793269230769232 0.13221153846153846
1 0.9711538461538461 0.45913461538461536 0.052884615384615384 0.125
1 0.22235576923076922 0.7211538461538461 0.0985576923076923 0.11658653846153846
1 0.11899038461538461 0.45072115384615385 0.13221153846153846 0.11057692307692307
1 0.29447115384615385 0.5084134615384616 0.19471153846153846 0.109375
1 0.5420673076923077 0.31971153846153844 0.23197115384615385 0.109375
1 0.3112980769230769 0.90625 0.1346153846153846 0.09615384615384616
1 0.4951923076923077 0.8485576923076923 0.15865384615384615 0.08774038461538461
1 0.49278846153846156 0.41346153846153844 0.18870192307692307 0.07932692307692307
1 0.5853365384615384 0.5841346153846154 0.15745192307692307 0.07692307692307693
1 0.07692307692307693 0.6213942307692307 0.06610576923076923 0.07211538461538461
1 0.49278846153846156 0.46634615384615385 0.1346153846153846 0.0673076923076923
1 0.025240384615384616 0.7019230769230769 0.05048076923076923 0.056490384615384616
1 0.109375 0.8389423076923077 0.037259615384615384 0.038461538461538464