0 0.84375 0.234375 0.027644230769230768 0.07572115384615384
0 0.31850961538461536 0.8016826923076923 0.07932692307692307 0.07451923076923077
0 0.3173076923076923 0.26322115384615385 0.057692307692307696 0.0733173076923077
0 0.054086538461538464 0.5673076923076923 0.025240384615384616 0.05889423076923077
0 0.35096153846153844 0.36658653846153844 0.051682692307692304 0.05048076923076923
0 0.5216346153846154 0.30288461538461536 0.02283653846153846 0.046875
0 0.71875 0.33653846153846156 0.01201923076923077 0.04567307692307692
0 0.2860576923076923 0.18629807692307693 0.016826923076923076 0.04447115384615385
0 0.7620192307692307 0.21514423076923078 0.018028846153846152 0.04326923076923077
0 0.6814903846153846 0.13822115384615385 0.018028846153846152 0.038461538461538464
0 0.640625 0.018028846153846152 0.026442307692307692 0.036057692307692304
0 0.7764423076923077 0.2800480769230769 0.028846153846153848 0.03125
0 0.46153846153846156 0.17548076923076922 0.046875 0.02403846153846154
0 0.78125 0.49399038461538464 0.040865384615384616 0.02403846153846154
0 0.4855769230769231 0.25721153846153844 0.04326923076923077 0.021634615384615384
0 0.7247596153846154 0.4110576923076923 0.038461538461538464 0.021634615384615384
0 0.10216346153846154 0.19110576923076922 0.027644230769230768 0.021634615384615384
0 0.08413461538461539 0.15384615384615385 0.016826923076923076 0.010817307692307692
6 0.3870192307692308 0.6189903846153846 0.3112980769230769 0.4579326923076923