0 0.24879807692307693 0.23197115384615385 0.03125 0.07211538461538461
0 0.21875 0.18269230769230768 0.025240384615384616 0.051682692307692304
0 0.6081730769230769 0.5264423076923077 0.02403846153846154 0.05048076923076923
0 0.7824519230769231 0.5108173076923077 0.038461538461538464 0.07211538461538461
0 0.8233173076923077 0.6466346153846154 0.03365384615384615 0.07211538461538461
0 0.8894230769230769 0.36778846153846156 0.028846153846153848 0.03485576923076923
0 0.984375 0.4639423076923077 0.026442307692307692 0.19230769230769232
0 0.265625 0.8834134615384616 0.042067307692307696 0.1622596153846154
0 0.20432692307692307 0.9555288461538461 0.028846153846153848 0.07932692307692307
0 0.3125 0.140625 0.020432692307692308 0.06610576923076923
0 0.3485576923076923 0.13581730769230768 0.020432692307692308 0.06009615384615385
0 0.5204326923076923 0.5492788461538461 0.025240384615384616 0.057692307692307696
0 0.3004807692307692 0.4423076923076923 0.021634615384615384 0.06971153846153846
0 0.30528846153846156 0.054086538461538464 0.02403846153846154 0.04807692307692308
0 0.21033653846153846 0.40625 0.018028846153846152 0.06370192307692307
0 0.21153846153846154 0.3545673076923077 0.03125 0.025240384615384616
0 0.23557692307692307 0.484375 0.016826923076923076 0.04567307692307692
0 0.27283653846153844 0.5264423076923077 0.021634615384615384 0.057692307692307696
0 0.19951923076923078 0.5060096153846154 0.02283653846153846 0.054086538461538464