0 0.5228365384615384 0.19471153846153846 0.953125 0.38822115384615385
0 0.13581730769230768 0.23918269230769232 0.27163461538461536 0.2283653846153846
0 0.18269230769230768 0.47716346153846156 0.3641826923076923 0.22355769230769232
4 0.6911057692307693 0.5048076923076923 0.6153846153846154 0.20432692307692307
0 0.2704326923076923 0.7415865384615384 0.3641826923076923 0.12860576923076922
0 0.359375 0.5877403846153846 0.2920673076923077 0.0985576923076923
0 0.9278846153846154 0.5024038461538461 0.14182692307692307 0.08052884615384616
0 0.8100961538461539 0.8461538461538461 0.19471153846153846 0.078125
0 0.8100961538461539 0.5817307692307693 0.07932692307692307 0.06610576923076923
4 0.6153846153846154 0.8269230769230769 0.09975961538461539 0.06490384615384616
0 0.8269230769230769 0.640625 0.10096153846153846 0.06370192307692307
0 0.6466346153846154 0.6430288461538461 0.1310096153846154 0.055288461538461536
0 0.20192307692307693 0.6370192307692307 0.0889423076923077 0.04927884615384615
0 0.037259615384615384 0.9483173076923077 0.07451923076923077 0.04447115384615385
0 0.5276442307692307 0.6538461538461539 0.08533653846153846 0.042067307692307696
0 0.32211538461538464 0.6502403846153846 0.06971153846153846 0.042067307692307696
0 0.5901442307692307 0.6959134615384616 0.038461538461538464 0.042067307692307696
0 0.44471153846153844 0.6730769230769231 0.07091346153846154 0.039663461538461536
0 0.609375 0.6586538461538461 0.10336538461538461 0.036057692307692304
0 0.036057692307692304 0.7139423076923077 0.06490384615384616 0.030048076923076924
0 0.43509615384615385 0.6538461538461539 0.08173076923076923 0.02403846153846154