1 0.11177884615384616 0.15985576923076922 0.15745192307692307 0.12259615384615384
1 0.14182692307692307 0.7055288461538461 0.14182692307692307 0.11658653846153846
1 0.8028846153846154 0.47836538461538464 0.13942307692307693 0.10336538461538461
1 0.07932692307692307 0.4206730769230769 0.14302884615384615 0.09254807692307693
1 0.42788461538461536 0.703125 0.16346153846153846 0.08653846153846154
1 0.26802884615384615 0.8581730769230769 0.08774038461538461 0.08653846153846154
1 0.11778846153846154 0.4951923076923077 0.13822115384615385 0.08173076923076923
1 0.41947115384615385 0.53125 0.11899038461538461 0.08052884615384616
1 0.921875 0.2848557692307692 0.14903846153846154 0.07932692307692307
1 0.46153846153846156 0.8665865384615384 0.1346153846153846 0.07211538461538461
1 0.6009615384615384 0.9290865384615384 0.10817307692307693 0.0673076923076923
1 0.14423076923076922 0.9158653846153846 0.14423076923076922 0.06610576923076923
1 0.5180288461538461 0.5300480769230769 0.13942307692307693 0.06129807692307692
1 0.3173076923076923 0.5552884615384616 0.1310096153846154 0.051682692307692304
1 0.6286057692307693 0.5408653846153846 0.11658653846153846 0.04567307692307692