0 0.24158653846153846 0.4266826923076923 0.1778846153846154 0.32091346153846156
0 0.2800480769230769 0.8509615384615384 0.17548076923076922 0.2932692307692308
0 0.1658653846153846 0.33413461538461536 0.19831730769230768 0.25
0 0.4182692307692308 0.5240384615384616 0.12379807692307693 0.2283653846153846
0 0.11298076923076923 0.5504807692307693 0.14182692307692307 0.22596153846153846
0 0.8930288461538461 0.43149038461538464 0.2127403846153846 0.20793269230769232
0 0.140625 0.8954326923076923 0.16105769230769232 0.20432692307692307
0 0.6706730769230769 0.7091346153846154 0.19951923076923078 0.18269230769230768
0 0.9038461538461539 0.5120192307692307 0.18990384615384615 0.11899038461538461
0 0.6334134615384616 0.9074519230769231 0.22716346153846154 0.11298076923076923
4 0.7512019230769231 0.30649038461538464 0.2620192307692308 0.6129807692307693