4 0.5252403846153846 0.7079326923076923 0.6911057692307693 0.23197115384615385
0 0.7091346153846154 0.13822115384615385 0.20072115384615385 0.19110576923076922
0 0.9206730769230769 0.49759615384615385 0.15745192307692307 0.1778846153846154
0 0.6899038461538461 0.38100961538461536 0.14423076923076922 0.1778846153846154
0 0.18269230769230768 0.2512019230769231 0.21634615384615385 0.14783653846153846
0 0.6622596153846154 0.25961538461538464 0.17067307692307693 0.1346153846153846
4 0.10576923076923077 0.5408653846153846 0.21153846153846154 0.11538461538461539
0 0.9050480769230769 0.42788461538461536 0.11899038461538461 0.09735576923076923
0 0.3233173076923077 0.35336538461538464 0.14182692307692307 0.0889423076923077
0 0.5384615384615384 0.34615384615384615 0.1045673076923077 0.06971153846153846
0 0.6959134615384616 0.4254807692307692 0.16947115384615385 0.0673076923076923
0 0.43028846153846156 0.36899038461538464 0.05048076923076923 0.06610576923076923
0 0.35096153846153844 0.625 0.13942307692307693 0.06129807692307692
4 0.47475961538461536 0.4375 0.12259615384615384 0.055288461538461536
0 0.5961538461538461 0.3918269230769231 0.14783653846153846 0.052884615384615384
0 0.41346153846153844 0.47716346153846156 0.12860576923076922 0.05048076923076923
0 0.1502403846153846 0.4483173076923077 0.08052884615384616 0.04447115384615385
0 0.34134615384615385 0.4411057692307692 0.09615384615384616 0.040865384615384616
0 0.030048076923076924 0.4483173076923077 0.06009615384615385 0.036057692307692304
0 0.10216346153846154 0.45072115384615385 0.0625 0.036057692307692304
0 0.22355769230769232 0.48197115384615385 0.03245192307692308 0.03245192307692308
0 0.33413461538461536 0.40865384615384615 0.09254807692307693 0.04567307692307692