0 0.7223557692307693 0.15144230769230768 0.15985576923076922 0.21153846153846154
0 0.7716346153846154 0.3016826923076923 0.16105769230769232 0.125
0 0.8377403846153846 0.19951923076923078 0.18269230769230768 0.125
0 0.8882211538461539 0.09975961538461539 0.22235576923076922 0.1141826923076923
4 0.8978365384615384 0.4387019230769231 0.203125 0.10817307692307693
4 0.5084134615384616 0.6370192307692307 0.25600961538461536 0.09975961538461539
0 0.8173076923076923 0.8605769230769231 0.21754807692307693 0.09735576923076923
0 0.5625 0.3125 0.05889423076923077 0.08774038461538461
0 0.9591346153846154 0.17548076923076922 0.07932692307692307 0.08653846153846154
4 0.5877403846153846 0.5372596153846154 0.17908653846153846 0.0829326923076923
0 0.5264423076923077 0.35096153846153844 0.08052884615384616 0.08173076923076923
0 0.7079326923076923 0.31971153846153844 0.17307692307692307 0.08173076923076923
4 0.40625 0.7043269230769231 0.125 0.07572115384615384
0 0.4050480769230769 0.765625 0.06971153846153846 0.07572115384615384
4 0.43990384615384615 0.4963942307692308 0.16105769230769232 0.06370192307692307
0 0.734375 0.42788461538461536 0.06490384615384616 0.05889423076923077
0 0.7956730769230769 0.41225961538461536 0.09495192307692307 0.052884615384615384
0 0.7860576923076923 0.4266826923076923 0.08052884615384616 0.04447115384615385
0 0.6310096153846154 0.37740384615384615 0.06610576923076923 0.04326923076923077
0 0.5637019230769231 0.4026442307692308 0.09735576923076923 0.042067307692307696
0 0.6706730769230769 0.421875 0.09134615384615384 0.042067307692307696
0 0.6983173076923077 0.39903846153846156 0.051682692307692304 0.03125