4 0.34615384615384615 0.5757211538461539 0.1875 0.1310096153846154
4 0.5144230769230769 0.53125 0.19951923076923078 0.08052884615384616
0 0.19831730769230768 0.20072115384615385 0.19230769230769232 0.078125
0 0.9435096153846154 0.21634615384615385 0.11057692307692307 0.07692307692307693
0 0.3641826923076923 0.22716346153846154 0.16947115384615385 0.0673076923076923
0 0.09735576923076923 0.3389423076923077 0.19471153846153846 0.06610576923076923
0 0.06129807692307692 0.2848557692307692 0.12259615384615384 0.057692307692307696
0 0.5096153846153846 0.31971153846153844 0.17668269230769232 0.055288461538461536
0 0.6706730769230769 0.30528846153846156 0.1622596153846154 0.054086538461538464
0 0.27524038461538464 0.3112980769230769 0.17548076923076922 0.051682692307692304
0 0.8173076923076923 0.29086538461538464 0.12860576923076922 0.05048076923076923
0 0.9603365384615384 0.2704326923076923 0.078125 0.04326923076923077
4 0.8100961538461539 0.39663461538461536 0.23918269230769232 0.042067307692307696
0 0.8581730769230769 0.3088942307692308 0.11899038461538461 0.038461538461538464
0 0.7463942307692307 0.2283653846153846 0.11899038461538461 0.037259615384615384
0 0.32211538461538464 0.2704326923076923 0.15865384615384615 0.03365384615384615
0 0.6838942307692307 0.7608173076923077 0.16346153846153846 0.08533653846153846