1 0.6490384615384616 0.5637019230769231 0.29447115384615385 0.14302884615384615
1 0.11057692307692307 0.8317307692307693 0.22115384615384615 0.12980769230769232
1 0.015625 0.234375 0.03125 0.12259615384615384
1 0.8629807692307693 0.5600961538461539 0.25961538461538464 0.10576923076923077
1 0.17307692307692307 0.5769230769230769 0.2860576923076923 0.10336538461538461
1 0.07572115384615384 0.7427884615384616 0.1502403846153846 0.10336538461538461
1 0.6081730769230769 0.7956730769230769 0.17307692307692307 0.09014423076923077
1 0.027644230769230768 0.5444711538461539 0.055288461538461536 0.0889423076923077
1 0.4206730769230769 0.8112980769230769 0.1502403846153846 0.06009615384615385
1 0.33052884615384615 0.6622596153846154 0.13822115384615385 0.051682692307692304
1 0.49158653846153844 0.7908653846153846 0.11538461538461539 0.04927884615384615
1 0.38100961538461536 0.7848557692307693 0.08774038461538461 0.04807692307692308
1 0.06490384615384616 0.9591346153846154 0.12980769230769232 0.07692307692307693