4 0.7115384615384616 0.6959134615384616 0.20673076923076922 0.20673076923076922
4 0.4266826923076923 0.3125 0.07692307692307693 0.11778846153846154
0 0.5228365384615384 0.39783653846153844 0.02403846153846154 0.06610576923076923
0 0.5408653846153846 0.4206730769230769 0.025240384615384616 0.05889423076923077
0 0.5576923076923077 0.37259615384615385 0.03485576923076923 0.055288461538461536
0 0.5793269230769231 0.44350961538461536 0.04447115384615385 0.052884615384615384
0 0.2800480769230769 0.18629807692307693 0.02403846153846154 0.04927884615384615
0 0.5805288461538461 0.49158653846153844 0.0673076923076923 0.046875
0 0.5745192307692307 0.3401442307692308 0.04567307692307692 0.04447115384615385
0 0.5108173076923077 0.2848557692307692 0.02283653846153846 0.04447115384615385
0 0.6442307692307693 0.4170673076923077 0.02403846153846154 0.040865384615384616
0 0.7944711538461539 0.3798076923076923 0.039663461538461536 0.038461538461538464
0 0.5649038461538461 0.2403846153846154 0.014423076923076924 0.025240384615384616
0 0.6490384615384616 0.48677884615384615 0.014423076923076924 0.020432692307692308
0 0.7211538461538461 0.4254807692307692 0.010817307692307692 0.020432692307692308
0 0.7007211538461539 0.43149038461538464 0.02283653846153846 0.01201923076923077
0 0.41947115384615385 0.47716346153846156 0.07572115384615384 0.04326923076923077