4 0.453125 0.5649038461538461 0.09495192307692307 0.10216346153846154
0 0.6346153846153846 0.9134615384615384 0.24158653846153846 0.09134615384615384
0 0.5889423076923077 0.30649038461538464 0.25721153846153844 0.078125
4 0.7728365384615384 0.59375 0.16346153846153846 0.06971153846153846
0 0.9747596153846154 0.6430288461538461 0.04807692307692308 0.06370192307692307
4 0.8629807692307693 0.6382211538461539 0.1814903846153846 0.06009615384615385
0 0.7307692307692307 0.7572115384615384 0.1502403846153846 0.06009615384615385
4 0.515625 0.5252403846153846 0.08173076923076923 0.054086538461538464
0 0.9290865384615384 0.4651442307692308 0.052884615384615384 0.051682692307692304
0 0.921875 0.5240384615384616 0.07572115384615384 0.051682692307692304
0 0.890625 0.4387019230769231 0.06490384615384616 0.05048076923076923
0 0.6189903846153846 0.5612980769230769 0.109375 0.05048076923076923
0 0.9615384615384616 0.4987980769230769 0.07572115384615384 0.04567307692307692
0 0.7872596153846154 0.46153846153846156 0.0733173076923077 0.04567307692307692
0 0.5300480769230769 0.5024038461538461 0.1045673076923077 0.042067307692307696
0 0.6394230769230769 0.484375 0.0733173076923077 0.040865384615384616
0 0.3233173076923077 0.5384615384615384 0.07692307692307693 0.038461538461538464
0 0.44471153846153844 0.4891826923076923 0.07451923076923077 0.028846153846153848
0 0.6887019230769231 0.46153846153846156 0.057692307692307696 0.025240384615384616