6 0.6899038461538461 0.44711538461538464 0.12980769230769232 0.078125
4 0.05048076923076923 0.14302884615384615 0.10096153846153846 0.0625
6 0.2644230769230769 0.5528846153846154 0.18990384615384615 0.06009615384615385
0 0.7824519230769231 0.07451923076923077 0.11177884615384616 0.046875
4 0.3389423076923077 0.2512019230769231 0.23317307692307693 0.04567307692307692
0 0.7331730769230769 0.11778846153846154 0.11778846153846154 0.039663461538461536
0 0.6286057692307693 0.11538461538461539 0.078125 0.039663461538461536
4 0.36658653846153844 0.016826923076923076 0.14783653846153846 0.03365384615384615
0 0.8725961538461539 0.056490384615384616 0.10096153846153846 0.03125
0 0.8858173076923077 0.013221153846153846 0.11538461538461539 0.026442307692307692
0 0.5300480769230769 0.01201923076923077 0.08413461538461539 0.02403846153846154
0 0.6045673076923077 0.010817307692307692 0.07211538461538461 0.020432692307692308
0 0.6742788461538461 0.008413461538461538 0.06490384615384616 0.015625