0 0.4170673076923077 0.6694711538461539 0.18990384615384615 0.2932692307692308
0 0.8509615384615384 0.5805288461538461 0.17668269230769232 0.2692307692307692
0 0.22956730769230768 0.5516826923076923 0.1045673076923077 0.24759615384615385
0 0.5276442307692307 0.29927884615384615 0.13581730769230768 0.20793269230769232
0 0.5048076923076923 0.4026442307692308 0.07451923076923077 0.1502403846153846
0 0.41225961538461536 0.5036057692307693 0.10697115384615384 0.0889423076923077
0 0.6947115384615384 0.7079326923076923 0.16105769230769232 0.08533653846153846
0 0.578125 0.7944711538461539 0.23197115384615385 0.08052884615384616
0 0.17548076923076922 0.8185096153846154 0.055288461538461536 0.078125
0 0.24158653846153846 0.8233173076923077 0.06971153846153846 0.07451923076923077
0 0.3942307692307692 0.8870192307692307 0.1466346153846154 0.0733173076923077
0 0.24519230769230768 0.7548076923076923 0.07211538461538461 0.06971153846153846
0 0.24278846153846154 0.9651442307692307 0.09134615384615384 0.06850961538461539
0 0.06129807692307692 0.8954326923076923 0.12259615384615384 0.06971153846153846
0 0.09735576923076923 0.9507211538461539 0.054086538461538464 0.06129807692307692
0 0.15504807692307693 0.8894230769230769 0.09134615384615384 0.054086538461538464