2 0.4230769230769231 0.5961538461538461 0.5588942307692307 0.14903846153846154
2 0.3016826923076923 0.22596153846153846 0.09134615384615384 0.11177884615384616
2 0.8822115384615384 0.265625 0.06850961538461539 0.09254807692307693
2 0.2512019230769231 0.23677884615384615 0.04447115384615385 0.08653846153846154
2 0.6887019230769231 0.28846153846153844 0.06610576923076923 0.0673076923076923
2 0.7331730769230769 0.2704326923076923 0.057692307692307696 0.0625
2 0.5288461538461539 0.42908653846153844 0.23798076923076922 0.057692307692307696
2 0.5516826923076923 0.265625 0.055288461538461536 0.055288461538461536
2 0.41225961538461536 0.25240384615384615 0.06971153846153846 0.055288461538461536
2 0.5108173076923077 0.24278846153846154 0.07451923076923077 0.039663461538461536
2 0.9867788461538461 0.2704326923076923 0.021634615384615384 0.07451923076923077