0 0.06610576923076923 0.6298076923076923 0.1310096153846154 0.11658653846153846
0 0.38341346153846156 0.6754807692307693 0.27163461538461536 0.11298076923076923
0 0.5949519230769231 0.45072115384615385 0.23557692307692307 0.1045673076923077
4 0.6838942307692307 0.2980769230769231 0.6310096153846154 0.10216346153846154
0 0.19110576923076922 0.6009615384615384 0.16826923076923078 0.0985576923076923
0 0.36177884615384615 0.40384615384615385 0.15985576923076922 0.0985576923076923
0 0.39663461538461536 0.5240384615384616 0.15264423076923078 0.0985576923076923
0 0.9074519230769231 0.49278846153846156 0.18269230769230768 0.09615384615384616
0 0.7067307692307693 0.7163461538461539 0.17908653846153846 0.09254807692307693
0 0.8725961538461539 0.7247596153846154 0.1658653846153846 0.09254807692307693
0 0.609375 0.5504807692307693 0.12139423076923077 0.09134615384615384
0 0.34975961538461536 0.5769230769230769 0.14302884615384615 0.0889423076923077
0 0.5961538461538461 0.3581730769230769 0.17307692307692307 0.0829326923076923
0 0.7920673076923077 0.4579326923076923 0.14182692307692307 0.07572115384615384
0 0.2127403846153846 0.5180288461538461 0.13942307692307693 0.07451923076923077
0 0.7620192307692307 0.5757211538461539 0.15985576923076922 0.0733173076923077
0 0.5444711538461539 0.6286057692307693 0.13822115384615385 0.07091346153846154
0 0.9014423076923077 0.5709134615384616 0.16706730769230768 0.06610576923076923
0 0.8882211538461539 0.6394230769230769 0.1346153846153846 0.05889423076923077
0 0.921875 0.21995192307692307 0.0889423076923077 0.036057692307692304
0 0.32572115384615385 0.3004807692307692 0.06971153846153846 0.02283653846153846
0 0.9831730769230769 0.16947115384615385 0.03245192307692308 0.021634615384615384
0 0.20552884615384615 0.24278846153846154 0.056490384615384616 0.020432692307692308
0 0.8557692307692307 0.1466346153846154 0.02403846153846154 0.020432692307692308
0 0.6334134615384616 0.20552884615384615 0.04927884615384615 0.019230769230769232
0 0.8137019230769231 0.22115384615384615 0.054086538461538464 0.016826923076923076
0 0.2548076923076923 0.06490384615384616 0.038461538461538464 0.014423076923076924
0 0.5973557692307693 0.10336538461538461 0.038461538461538464 0.01201923076923077