2 0.6225961538461539 0.45552884615384615 0.33774038461538464 0.1346153846153846
2 0.03485576923076923 0.23557692307692307 0.06850961538461539 0.12620192307692307
2 0.11778846153846154 0.13221153846153846 0.09735576923076923 0.09134615384615384
2 0.8209134615384616 0.17067307692307693 0.07451923076923077 0.08653846153846154
2 0.5120192307692307 0.13341346153846154 0.052884615384615384 0.06971153846153846
2 0.026442307692307692 0.13701923076923078 0.04807692307692308 0.06850961538461539
2 0.2127403846153846 0.13581730769230768 0.04927884615384615 0.057692307692307696
2 0.4543269230769231 0.14302884615384615 0.04447115384615385 0.057692307692307696
2 0.8713942307692307 0.15504807692307693 0.06009615384615385 0.056490384615384616
2 0.34134615384615385 0.09735576923076923 0.025240384615384616 0.046875
2 0.3701923076923077 0.11057692307692307 0.03365384615384615 0.04447115384615385
2 0.4651442307692308 0.06971153846153846 0.038461538461538464 0.038461538461538464
2 0.30408653846153844 0.1502403846153846 0.06610576923076923 0.03485576923076923
2 0.6310096153846154 0.140625 0.030048076923076924 0.021634615384615384