1 0.6706730769230769 0.11899038461538461 0.24759615384615385 0.22235576923076922
1 0.4483173076923077 0.34375 0.11899038461538461 0.14903846153846154
1 0.8954326923076923 0.765625 0.20793269230769232 0.14182692307692307
1 0.6983173076923077 0.27884615384615385 0.29927884615384615 0.13822115384615385
1 0.96875 0.33774038461538464 0.06129807692307692 0.1346153846153846
1 0.4074519230769231 0.49278846153846156 0.21995192307692307 0.12740384615384615
1 0.6286057692307693 0.40384615384615385 0.16947115384615385 0.12620192307692307
1 0.3016826923076923 0.7524038461538461 0.12980769230769232 0.11899038461538461
1 0.3581730769230769 0.5685096153846154 0.12139423076923077 0.10817307692307693
1 0.6586538461538461 0.5877403846153846 0.17307692307692307 0.09975961538461539
1 0.3737980769230769 0.9122596153846154 0.15865384615384615 0.0985576923076923
1 0.11778846153846154 0.6069711538461539 0.0829326923076923 0.09254807692307693
1 0.5360576923076923 0.8774038461538461 0.16706730769230768 0.0829326923076923
1 0.203125 0.4639423076923077 0.12620192307692307 0.06610576923076923
1 0.16105769230769232 0.4026442307692308 0.1141826923076923 0.06370192307692307
1 0.03245192307692308 0.054086538461538464 0.06370192307692307 0.06009615384615385
1 0.042067307692307696 0.6490384615384616 0.052884615384615384 0.051682692307692304
1 0.20552884615384615 0.6875 0.09014423076923077 0.05048076923076923
1 0.1201923076923077 0.7872596153846154 0.036057692307692304 0.03365384615384615
1 0.008413461538461538 0.23798076923076922 0.016826923076923076 0.04807692307692308