4 0.6670673076923077 0.5997596153846154 0.11057692307692307 0.3858173076923077
4 0.5673076923076923 0.6225961538461539 0.09495192307692307 0.3798076923076923
4 0.5480769230769231 0.19591346153846154 0.10096153846153846 0.34975961538461536
0 0.15625 0.9459134615384616 0.04927884615384615 0.0733173076923077
0 0.828125 0.9086538461538461 0.03365384615384615 0.057692307692307696
0 0.1875 0.8846153846153846 0.039663461538461536 0.03365384615384615
0 0.22115384615384615 0.8317307692307693 0.04326923076923077 0.03245192307692308
0 0.24639423076923078 0.7019230769230769 0.02403846153846154 0.027644230769230768
0 0.18509615384615385 0.5793269230769231 0.051682692307692304 0.02283653846153846
0 0.020432692307692308 0.5985576923076923 0.018028846153846152 0.016826923076923076
4 0.22596153846153846 0.47115384615384615 0.16105769230769232 0.21153846153846154