4 0.14783653846153846 0.7524038461538461 0.038461538461538464 0.22355769230769232
0 0.5408653846153846 0.6009615384615384 0.09014423076923077 0.15504807692307693
0 0.7115384615384616 0.6322115384615384 0.05048076923076923 0.09134615384615384
0 0.2403846153846154 0.09254807692307693 0.025240384615384616 0.08533653846153846
0 0.21875 0.109375 0.02403846153846154 0.08413461538461539
0 0.39783653846153844 0.11057692307692307 0.028846153846153848 0.07932692307692307
0 0.19831730769230768 0.056490384615384616 0.027644230769230768 0.07451923076923077
0 0.4423076923076923 0.0829326923076923 0.015625 0.0673076923076923
0 0.38822115384615385 0.9711538461538461 0.020432692307692308 0.056490384615384616
0 0.8774038461538461 0.46153846153846156 0.03365384615384615 0.05048076923076923
0 0.8185096153846154 0.6598557692307693 0.021634615384615384 0.05048076923076923
0 0.7103365384615384 0.71875 0.030048076923076924 0.038461538461538464
0 0.057692307692307696 0.23197115384615385 0.013221153846153846 0.037259615384615384
0 0.6201923076923077 0.7620192307692307 0.04807692307692308 0.03365384615384615
0 0.5216346153846154 0.25600961538461536 0.013221153846153846 0.027644230769230768
0 0.3125 0.7367788461538461 0.027644230769230768 0.026442307692307692
0 0.03365384615384615 0.23076923076923078 0.010817307692307692 0.025240384615384616
0 0.15264423076923078 0.28365384615384615 0.016826923076923076 0.019230769230769232
0 0.36778846153846156 0.47836538461538464 0.027644230769230768 0.018028846153846152
0 0.0985576923076923 0.26802884615384615 0.019230769230769232 0.018028846153846152
0 0.7067307692307693 0.7548076923076923 0.042067307692307696 0.015625
0 0.6466346153846154 0.4326923076923077 0.030048076923076924 0.037259615384615384