0 0.8966346153846154 0.1310096153846154 0.1466346153846154 0.18990384615384615
4 0.4735576923076923 0.5901442307692307 0.43509615384615385 0.15264423076923078
4 0.3173076923076923 0.9399038461538461 0.3798076923076923 0.11538461538461539
0 0.18269230769230768 0.3581730769230769 0.17668269230769232 0.10216346153846154
0 0.3581730769230769 0.421875 0.16466346153846154 0.07692307692307693
0 0.9471153846153846 0.3581730769230769 0.10336538461538461 0.07692307692307693
0 0.08653846153846154 0.3798076923076923 0.17307692307692307 0.0673076923076923
0 0.765625 0.46274038461538464 0.1971153846153846 0.06490384615384616
0 0.9423076923076923 0.46153846153846156 0.1141826923076923 0.06129807692307692
0 0.057692307692307696 0.47596153846153844 0.1141826923076923 0.05889423076923077
0 0.1875 0.4254807692307692 0.18028846153846154 0.056490384615384616
0 0.6045673076923077 0.4543269230769231 0.13942307692307693 0.046875
0 0.5949519230769231 0.41466346153846156 0.14423076923076922 0.046875
0 0.7079326923076923 0.390625 0.1346153846153846 0.038461538461538464