0 0.6766826923076923 0.10096153846153846 0.3245192307692308 0.12620192307692307
4 0.5637019230769231 0.4230769230769231 0.3858173076923077 0.11057692307692307
0 0.08774038461538461 0.18629807692307693 0.17548076923076922 0.08413461538461539
0 0.10336538461538461 0.2668269230769231 0.20673076923076922 0.08173076923076923
4 0.2824519230769231 0.5925480769230769 0.1778846153846154 0.06610576923076923
0 0.9387019230769231 0.2127403846153846 0.12139423076923077 0.05889423076923077
0 0.25600961538461536 0.6766826923076923 0.10096153846153846 0.055288461538461536
4 0.5132211538461539 0.6875 0.05889423076923077 0.036057692307692304
0 0.703125 0.46153846153846156 0.04927884615384615 0.03125
0 0.5180288461538461 0.33774038461538464 0.0673076923076923 0.028846153846153848
6 0.055288461538461536 0.7692307692307693 0.1045673076923077 0.027644230769230768
0 0.27524038461538464 0.5036057692307693 0.09495192307692307 0.026442307692307692
0 0.6430288461538461 0.5264423076923077 0.038461538461538464 0.025240384615384616
0 0.36899038461538464 0.4483173076923077 0.06971153846153846 0.025240384615384616
0 0.5889423076923077 0.4411057692307692 0.08173076923076923 0.02403846153846154
0 0.7403846153846154 0.5649038461538461 0.03245192307692308 0.020432692307692308
0 0.6634615384615384 0.5420673076923077 0.037259615384615384 0.018028846153846152
0 0.7019230769230769 0.5673076923076923 0.030048076923076924 0.018028846153846152
0 0.6177884615384616 0.5228365384615384 0.007211538461538462 0.018028846153846152
0 0.6298076923076923 0.5685096153846154 0.02403846153846154 0.01201923076923077
0 0.6382211538461539 0.5480769230769231 0.021634615384615384 0.010817307692307692
0 0.6911057692307693 0.5588942307692307 0.026442307692307692 0.009615384615384616
0 0.5889423076923077 0.5685096153846154 0.021634615384615384 0.008413461538461538