2 0.016826923076923076 0.4807692307692308 0.03365384615384615 0.08653846153846154
2 0.7115384615384616 0.5240384615384616 0.06009615384615385 0.07572115384615384
2 0.5913461538461539 0.5324519230769231 0.0673076923076923 0.06971153846153846
2 0.7884615384615384 0.5288461538461539 0.05889423076923077 0.06971153846153846
2 0.4699519230769231 0.5240384615384616 0.057692307692307696 0.06129807692307692
2 0.19591346153846154 0.6899038461538461 0.16706730769230768 0.05889423076923077
2 0.2920673076923077 0.5012019230769231 0.04927884615384615 0.055288461538461536
2 0.15384615384615385 0.5048076923076923 0.04567307692307692 0.055288461538461536
2 0.25 0.5108173076923077 0.055288461538461536 0.055288461538461536
2 0.8810096153846154 0.5 0.04927884615384615 0.055288461538461536
2 0.4182692307692308 0.5276442307692307 0.0625 0.054086538461538464
2 0.47115384615384615 0.6754807692307693 0.22115384615384615 0.042067307692307696
2 0.9459134615384616 0.4795673076923077 0.04927884615384615 0.040865384615384616
2 0.109375 0.5036057692307693 0.039663461538461536 0.038461538461538464
2 0.21634615384615385 0.5132211538461539 0.04326923076923077 0.036057692307692304
2 0.18509615384615385 0.5096153846153846 0.02283653846153846 0.028846153846153848
2 0.056490384615384616 0.5108173076923077 0.03245192307692308 0.026442307692307692
2 0.33052884615384615 0.5216346153846154 0.06009615384615385 0.020432692307692308
2 0.953125 0.4266826923076923 0.03245192307692308 0.036057692307692304