4 0.31009615384615385 0.4639423076923077 0.4098557692307692 0.15865384615384615
0 0.6117788461538461 0.7355769230769231 0.4483173076923077 0.13581730769230768
0 0.9158653846153846 0.43990384615384615 0.16706730769230768 0.07692307692307693
4 0.9350961538461539 0.8064903846153846 0.12740384615384615 0.07211538461538461
0 0.6454326923076923 0.5745192307692307 0.22115384615384615 0.06971153846153846
0 0.7956730769230769 0.7992788461538461 0.15625 0.06971153846153846
0 0.8473557692307693 0.5973557692307693 0.13581730769230768 0.06490384615384616
0 0.84375 0.5252403846153846 0.11298076923076923 0.06490384615384616
0 0.6971153846153846 0.6009615384615384 0.17908653846153846 0.0625
0 0.21995192307692307 0.9723557692307693 0.24759615384615385 0.054086538461538464
0 0.4735576923076923 0.6201923076923077 0.0733173076923077 0.046875
0 0.25600961538461536 0.5661057692307693 0.14783653846153846 0.04447115384615385
0 0.06490384615384616 0.8786057692307693 0.125 0.042067307692307696
0 0.5564903846153846 0.6466346153846154 0.046875 0.040865384615384616
0 0.042067307692307696 0.6442307692307693 0.0829326923076923 0.03365384615384615
0 0.33052884615384615 0.5973557692307693 0.09014423076923077 0.03365384615384615
0 0.09254807692307693 0.6610576923076923 0.0985576923076923 0.03365384615384615
6 0.052884615384615384 0.9771634615384616 0.10576923076923077 0.040865384615384616