0 0.17908653846153846 0.8413461538461539 0.14903846153846154 0.09615384615384616
4 0.32211538461538464 0.41586538461538464 0.16466346153846154 0.0733173076923077
0 0.375 0.0673076923076923 0.1045673076923077 0.0673076923076923
0 0.046875 0.171875 0.09014423076923077 0.06490384615384616
4 0.40384615384615385 0.5697115384615384 0.19591346153846154 0.05889423076923077
4 0.7608173076923077 0.46153846153846156 0.23076923076923078 0.05889423076923077
0 0.4483173076923077 0.0673076923076923 0.13701923076923078 0.057692307692307696
0 0.4254807692307692 0.4723557692307692 0.15504807692307693 0.057692307692307696
0 0.078125 0.5793269230769231 0.15625 0.054086538461538464
0 0.4519230769230769 0.21514423076923078 0.11538461538461539 0.04326923076923077
0 0.04447115384615385 0.40625 0.0889423076923077 0.04326923076923077
0 0.375 0.18870192307692307 0.10336538461538461 0.03485576923076923
0 0.45913461538461536 0.019230769230769232 0.1346153846153846 0.03485576923076923
0 0.9807692307692307 0.30288461538461536 0.037259615384615384 0.07211538461538461